# CRT sieve file generated by gapminer gen_crt
n_primes 128
merit 40.00
shift 998
gap_target 34769
n_candidates 2357
2 1
3 2
5 1
7 2
11 6
13 7
17 3
19 5
23 11
29 15
31 9
37 15
41 12
43 23
47 23
53 1
59 16
61 58
67 18
71 48
73 72
79 20
83 1
89 72
97 11
101 88
103 22
107 67
109 80
113 70
127 65
131 28
137 38
139 40
149 139
151 29
157 37
163 39
167 119
173 120
179 1
181 173
191 117
193 75
197 69
199 141
211 14
223 130
227 182
229 185
233 166
239 87
241 188
251 112
257 122
263 46
269 195
271 9
277 173
281 60
283 214
293 266
307 188
311 67
313 138
317 233
331 304
337 185
347 329
349 330
353 342
359 49
367 235
373 156
379 263
383 279
389 354
397 248
401 14
409 246
419 374
421 132
431 345
433 28
439 335
443 206
449 385
457 258
461 115
463 454
467 413
479 93
487 423
491 10
499 484
503 456
509 210
521 260
523 137
541 430
547 494
557 205
563 544
569 409
571 418
577 429
587 427
593 313
599 283
601 568
607 549
613 435
617 209
619 220
631 390
641 412
643 188
647 497
653 89
659 291
661 503
673 658
677 241
683 301
691 429
701 208
709 285
719 64
