# CRT sieve file generated by gapminer gen_crt
n_primes 70
merit 32.00
shift 475
gap_target 16215
n_candidates 1207
2 1
3 2
5 4
7 1
11 6
13 1
17 8
19 11
23 9
29 16
31 17
37 32
41 14
43 28
47 35
53 9
59 46
61 2
67 33
71 22
73 1
79 10
83 76
89 87
97 6
101 58
103 96
107 89
109 40
113 67
127 33
131 27
137 48
139 63
149 49
151 86
157 64
163 66
167 25
173 65
179 129
181 35
191 138
193 50
197 71
199 184
211 102
223 68
227 143
229 69
233 154
239 177
241 107
251 8
257 61
263 126
269 203
271 141
277 232
281 112
283 52
293 45
307 253
311 145
313 91
317 300
331 267
337 117
347 315
349 166
