# CRT sieve file generated by gapminer gen_crt
n_primes 126
merit 38.00
shift 979
gap_target 32530
n_candidates 2027
2 1
3 2
5 1
7 4
11 8
13 7
17 16
19 11
23 15
29 6
31 7
37 36
41 21
43 29
47 26
53 36
59 30
61 47
67 46
71 33
73 29
79 3
83 37
89 60
97 10
101 69
103 68
107 102
109 28
113 17
127 103
131 4
137 106
139 17
149 79
151 20
157 24
163 76
167 26
173 154
179 151
181 158
191 62
193 91
197 161
199 3
211 110
223 114
227 61
229 152
233 113
239 189
241 59
251 162
257 47
263 207
269 122
271 6
277 212
281 269
283 159
293 195
307 67
311 174
313 74
317 191
331 167
337 222
347 109
349 19
353 192
359 287
367 310
373 58
379 185
383 21
389 164
397 241
401 85
409 182
419 221
421 147
431 208
433 136
439 359
443 219
449 9
457 186
461 50
463 445
467 313
479 396
487 140
491 12
499 255
503 131
509 454
521 94
523 34
541 35
547 408
557 128
563 523
569 361
571 307
577 145
587 462
593 306
599 150
601 98
607 549
613 399
617 299
619 610
631 580
641 340
643 292
647 196
653 52
659 567
661 521
673 359
677 153
683 15
691 522
701 679
