# CRT sieve file generated by gapminer gen_crt
n_primes 67
merit 23.00
shift 450
gap_target 11256
n_candidates 858
2 1
3 1
5 3
7 1
11 7
13 3
17 10
19 1
23 6
29 6
31 11
37 5
41 15
43 11
47 24
53 7
59 50
61 31
67 37
71 61
73 61
79 10
83 2
89 18
97 7
101 26
103 81
107 30
109 83
113 61
127 112
131 63
137 133
139 49
149 81
151 32
157 28
163 156
167 165
173 87
179 27
181 180
191 61
193 90
197 186
199 187
211 138
223 64
227 73
229 164
233 136
239 196
241 229
251 216
257 79
263 200
269 137
271 257
277 187
281 190
283 119
293 259
307 259
311 194
313 135
317 314
331 222
