# CRT sieve file generated by gapminer gen_crt
n_primes 128
merit 40.00
shift 998
gap_target 34769
n_candidates 2350
2 1
3 1
5 4
7 2
11 2
13 4
17 9
19 4
23 12
29 13
31 7
37 7
41 31
43 31
47 21
53 1
59 42
61 35
67 13
71 67
73 60
79 18
83 71
89 42
97 1
101 53
103 68
107 71
109 50
113 10
127 122
131 97
137 98
139 126
149 108
151 135
157 142
163 116
167 11
173 136
179 147
181 149
191 19
193 192
197 22
199 3
211 121
223 189
227 59
229 116
233 230
239 201
241 66
251 41
257 128
263 254
269 197
271 127
277 180
281 126
283 233
293 238
307 184
311 171
313 111
317 30
331 101
337 306
347 125
349 198
353 99
359 26
367 290
373 78
379 59
383 295
389 252
397 277
401 324
409 208
419 103
421 237
431 236
433 281
439 414
443 256
449 293
457 394
461 166
463 133
467 292
479 260
487 388
491 353
499 444
503 469
509 492
521 386
523 44
541 323
547 509
557 478
563 148
569 332
571 458
577 32
587 61
593 332
599 591
601 455
607 564
613 110
617 437
619 146
631 304
641 215
643 632
647 264
653 42
659 455
661 288
673 99
677 302
683 355
691 689
701 574
709 338
719 409
