# CRT sieve file generated by gapminer gen_crt
n_primes 97
merit 23.00
shift 711
gap_target 15417
n_candidates 1041
2 1
3 2
5 4
7 6
11 9
13 3
17 3
19 5
23 10
29 21
31 18
37 10
41 30
43 41
47 38
53 34
59 2
61 2
67 64
71 60
73 50
79 51
83 68
89 3
97 10
101 51
103 17
107 96
109 68
113 101
127 55
131 55
137 68
139 28
149 25
151 25
157 29
163 76
167 74
173 5
179 114
181 162
191 186
193 181
197 79
199 155
211 9
223 14
227 109
229 34
233 190
239 159
241 70
251 167
257 195
263 110
269 135
271 257
277 168
281 217
283 40
293 52
307 294
311 268
313 305
317 188
331 2
337 322
347 36
349 187
353 82
359 58
367 347
373 51
379 132
383 222
389 113
397 120
401 12
409 274
419 404
421 399
431 47
433 5
439 227
443 365
449 240
457 348
461 258
463 143
467 312
479 103
487 192
491 150
499 346
503 316
509 409
