# CRT sieve file generated by gapminer gen_crt
n_primes 128
merit 23.00
shift 998
gap_target 19992
n_candidates 1235
2 1
3 1
5 2
7 2
11 7
13 3
17 11
19 4
23 14
29 15
31 11
37 14
41 22
43 5
47 18
53 19
59 56
61 57
67 11
71 4
73 54
79 70
83 47
89 42
97 30
101 11
103 98
107 13
109 59
113 105
127 84
131 110
137 76
139 3
149 74
151 138
157 50
163 58
167 53
173 15
179 121
181 56
191 76
193 118
197 148
199 33
211 100
223 22
227 144
229 197
233 23
239 1
241 135
251 206
257 74
263 15
269 32
271 163
277 97
281 6
283 175
293 108
307 151
311 210
313 185
317 131
331 277
337 10
347 211
349 301
353 311
359 26
367 237
373 155
379 257
383 297
389 223
397 68
401 125
409 138
419 328
421 35
431 325
433 306
439 404
443 212
449 301
457 250
461 5
463 234
467 87
479 355
487 86
491 70
499 391
503 320
509 250
521 360
523 293
541 318
547 158
557 163
563 400
569 267
571 446
577 535
587 545
593 544
599 17
601 81
607 546
613 541
617 473
619 71
631 438
641 294
643 610
647 235
653 577
659 20
661 594
673 373
677 628
683 622
691 29
701 656
709 530
719 93
