# CRT sieve file generated by gapminer gen_crt
n_primes 70
merit 31.00
shift 475
gap_target 15708
n_candidates 1164
2 1
3 2
5 3
7 5
11 2
13 1
17 13
19 5
23 16
29 15
31 29
37 33
41 28
43 30
47 13
53 4
59 11
61 18
67 25
71 69
73 42
79 33
83 4
89 80
97 72
101 15
103 47
107 28
109 82
113 101
127 39
131 25
137 34
139 45
149 11
151 44
157 10
163 83
167 118
173 152
179 31
181 114
191 16
193 117
197 134
199 46
211 151
223 105
227 176
229 100
233 181
239 198
241 136
251 17
257 64
263 123
269 194
271 130
277 215
281 91
283 29
293 12
307 206
311 94
313 38
317 243
331 196
337 40
347 127
349 77
