# CRT sieve file generated by gapminer gen_crt
n_primes 128
merit 33.00
shift 998
gap_target 28684
n_candidates 1740
2 1
3 2
5 2
7 3
11 3
13 6
17 11
19 12
23 20
29 5
31 2
37 23
41 5
43 12
47 18
53 46
59 45
61 30
67 19
71 20
73 17
79 49
83 53
89 1
97 86
101 55
103 3
107 30
109 4
113 89
127 3
131 115
137 69
139 18
149 121
151 98
157 53
163 44
167 58
173 109
179 17
181 52
191 96
193 153
197 82
199 149
211 2
223 150
227 145
229 31
233 36
239 178
241 70
251 32
257 234
263 197
269 172
271 76
277 65
281 158
283 66
293 192
307 190
311 107
313 251
317 87
331 175
337 278
347 245
349 171
353 23
359 160
367 239
373 29
379 198
383 62
389 247
397 380
401 54
409 405
419 95
421 33
431 154
433 94
439 353
443 171
449 63
457 288
461 176
463 120
467 8
479 151
487 422
491 318
499 110
503 6
509 359
521 185
523 9
541 100
547 503
557 273
563 135
569 519
571 522
577 390
587 214
593 38
599 505
601 463
607 293
613 211
617 127
619 85
631 464
641 264
643 224
647 144
653 24
659 563
661 525
673 297
677 221
683 107
691 464
701 466
709 322
719 697
