# CRT sieve file generated by gapminer gen_crt
n_primes 75
merit 31.00
shift 512
gap_target 16503
n_candidates 1188
2 1
3 2
5 2
7 2
11 7
13 11
17 1
19 7
23 1
29 4
31 4
37 3
41 15
43 7
47 17
53 37
59 26
61 27
67 16
71 48
73 15
79 67
83 30
89 5
97 70
101 5
103 33
107 6
109 56
113 67
127 104
131 86
137 89
139 98
149 54
151 85
157 45
163 29
167 143
173 171
179 44
181 125
191 17
193 116
197 129
199 39
211 132
223 74
227 141
229 63
233 140
239 151
241 77
251 209
257 256
263 52
269 117
271 51
277 130
281 2
283 221
293 204
307 91
311 286
313 230
317 118
331 57
337 232
347 319
349 269
353 169
359 19
367 186
373 42
379 277
