# CRT sieve file generated by gapminer gen_crt
n_primes 128
merit 40.00
shift 998
gap_target 34769
n_candidates 2344
2 1
3 1
5 4
7 1
11 1
13 10
17 5
19 10
23 18
29 1
31 15
37 2
41 12
43 40
47 11
53 42
59 2
61 40
67 38
71 5
73 1
79 8
83 18
89 36
97 31
101 6
103 66
107 4
109 30
113 76
127 79
131 118
137 21
139 75
149 102
151 107
157 96
163 124
167 116
173 159
179 54
181 148
191 90
193 165
197 41
199 192
211 118
223 194
227 90
229 138
233 167
239 155
241 150
251 219
257 126
263 251
269 83
271 150
277 118
281 218
283 47
293 240
307 279
311 95
313 286
317 124
331 269
337 98
347 197
349 199
353 191
359 55
367 299
373 72
379 331
383 254
389 241
397 79
401 245
409 211
419 369
421 181
431 80
433 113
439 238
443 88
449 32
457 315
461 453
463 222
467 181
479 273
487 39
491 308
499 158
503 409
509 26
521 372
523 247
541 306
547 204
557 150
563 550
569 338
571 215
577 252
587 468
593 300
599 597
601 516
607 497
613 107
617 200
619 203
631 446
641 429
643 581
647 588
653 403
659 304
661 564
673 319
677 289
683 379
691 675
701 668
709 269
719 458
