# CRT sieve file generated by gapminer gen_crt
n_primes 74
merit 38.00
shift 509
gap_target 20150
n_candidates 1516
2 1
3 2
5 4
7 4
11 10
13 5
17 3
19 9
23 7
29 22
31 27
37 2
41 38
43 11
47 42
53 6
59 22
61 40
67 37
71 64
73 68
79 18
83 79
89 53
97 6
101 87
103 91
107 16
109 42
113 5
127 1
131 70
137 13
139 2
149 7
151 20
157 83
163 19
167 101
173 81
179 85
181 152
191 165
193 59
197 44
199 139
211 160
223 30
227 73
229 212
233 36
239 11
241 166
251 248
257 8
263 31
269 66
271 261
277 39
281 172
283 100
293 33
307 157
311 25
313 272
317 144
331 27
337 178
347 225
349 167
353 174
359 236
367 12
373 217
