# CRT sieve file generated by gapminer gen_crt
n_primes 75
merit 32.00
shift 512
gap_target 17035
n_candidates 1233
2 1
3 1
5 2
7 1
11 5
13 4
17 14
19 2
23 8
29 4
31 10
37 1
41 7
43 2
47 30
53 1
59 12
61 46
67 24
71 8
73 24
79 10
83 12
89 16
97 9
101 9
103 21
107 69
109 105
113 88
127 27
131 112
137 79
139 76
149 121
151 142
157 72
163 26
167 120
173 118
179 140
181 32
191 65
193 156
197 153
199 55
211 100
223 217
227 45
229 188
233 20
239 7
241 166
251 17
257 40
263 75
269 122
271 50
277 111
281 252
283 184
293 137
307 289
311 165
313 103
317 296
331 207
337 33
347 90
349 34
353 275
359 113
367 264
373 108
379 331
