# CRT sieve file generated by gapminer gen_crt
n_primes 128
merit 32.00
shift 998
gap_target 27815
n_candidates 1674
2 1
3 2
5 3
7 1
11 7
13 8
17 8
19 6
23 1
29 2
31 21
37 19
41 5
43 26
47 37
53 38
59 46
61 42
67 21
71 5
73 33
79 24
83 35
89 53
97 10
101 16
103 37
107 8
109 63
113 96
127 82
131 19
137 38
139 104
149 107
151 64
157 116
163 53
167 31
173 28
179 61
181 80
191 44
193 85
197 179
199 33
211 1
223 65
227 32
229 133
233 114
239 220
241 100
251 2
257 168
263 95
269 34
271 197
277 156
281 229
283 127
293 203
307 131
311 254
313 162
317 295
331 327
337 69
347 333
349 251
353 87
359 200
367 247
373 13
379 158
383 6
389 167
397 268
401 124
409 245
419 314
421 246
431 337
433 271
439 73
443 384
449 192
457 393
461 269
463 207
467 83
479 190
487 437
491 321
499 89
503 476
509 308
521 493
523 54
541 494
547 338
557 78
563 485
569 556
571 285
577 135
587 472
593 464
599 184
601 136
607 599
613 461
617 369
619 564
631 47
641 458
643 414
647 326
653 194
659 62
661 20
673 427
677 343
683 217
691 49
701 540
709 380
719 180
