# CRT sieve file generated by gapminer gen_crt
n_primes 69
merit 32.00
shift 467
gap_target 16037
n_candidates 1204
2 1
3 2
5 1
7 3
11 7
13 2
17 2
19 2
23 5
29 19
31 30
37 1
41 36
43 15
47 34
53 26
59 22
61 43
67 25
71 22
73 5
79 26
83 17
89 34
97 58
101 17
103 57
107 54
109 7
113 38
127 18
131 16
137 43
139 60
149 56
151 95
157 79
163 87
167 50
173 96
179 166
181 74
191 187
193 101
197 126
199 42
211 171
223 149
227 1
229 156
233 12
239 35
241 206
251 117
257 176
263 247
269 61
271 270
277 90
281 251
283 193
293 196
307 111
311 3
313 262
317 158
331 125
337 312
347 72
