# CRT sieve file generated by gapminer gen_crt
n_primes 112
merit 23.00
shift 848
gap_target 17601
n_candidates 1123
2 1
3 1
5 4
7 5
11 3
13 1
17 1
19 3
23 20
29 10
31 26
37 12
41 37
43 24
47 43
53 3
59 17
61 39
67 3
71 68
73 24
79 48
83 56
89 83
97 32
101 94
103 11
107 65
109 4
113 41
127 2
131 76
137 12
139 132
149 96
151 84
157 145
163 97
167 4
173 94
179 72
181 117
191 186
193 105
197 147
199 183
211 198
223 17
227 38
229 6
233 192
239 174
241 163
251 213
257 221
263 133
269 49
271 232
277 104
281 63
283 167
293 9
307 23
311 261
313 216
317 292
331 301
337 195
347 205
349 63
353 183
359 332
367 91
373 275
379 123
383 279
389 240
397 27
401 140
409 42
419 373
421 391
431 405
433 216
439 190
443 272
449 106
457 116
461 393
463 427
467 294
479 188
487 79
491 137
499 184
503 478
509 12
521 484
523 475
541 276
547 109
557 321
563 18
569 154
571 108
577 168
587 558
593 4
599 19
601 504
607 167
613 136
