# CRT sieve file generated by gapminer gen_crt
n_primes 108
merit 23.00
shift 811
gap_target 17011
n_candidates 1102
2 1
3 2
5 1
7 6
11 1
13 6
17 3
19 17
23 12
29 24
31 15
37 9
41 14
43 1
47 15
53 11
59 43
61 50
67 2
71 47
73 18
79 13
83 6
89 5
97 11
101 43
103 42
107 10
109 84
113 1
127 117
131 45
137 2
139 74
149 67
151 22
157 105
163 154
167 113
173 22
179 84
181 69
191 56
193 165
197 134
199 136
211 70
223 191
227 83
229 193
233 42
239 193
241 48
251 208
257 84
263 33
269 44
271 18
277 252
281 52
283 236
293 109
307 168
311 137
313 312
317 309
331 272
337 184
347 306
349 48
353 20
359 245
367 60
373 312
379 83
383 276
389 151
397 256
401 347
409 155
419 142
421 259
431 314
433 38
439 198
443 12
449 203
457 59
461 383
463 239
467 47
479 2
487 398
491 476
499 253
503 96
509 138
521 62
523 130
541 323
547 100
557 543
563 530
569 444
571 209
577 86
587 124
593 149
