# CRT sieve file generated by gapminer gen_crt
n_primes 75
merit 30.00
shift 518
gap_target 16095
n_candidates 1160
2 1
3 2
5 4
7 5
11 5
13 10
17 15
19 8
23 5
29 5
31 26
37 16
41 3
43 32
47 10
53 28
59 26
61 22
67 39
71 29
73 42
79 74
83 38
89 44
97 67
101 70
103 29
107 66
109 39
113 110
127 103
131 6
137 81
139 114
149 41
151 94
157 120
163 7
167 161
173 76
179 3
181 102
191 84
193 8
197 53
199 178
211 168
223 206
227 78
229 14
233 119
239 172
241 112
251 63
257 146
263 241
269 79
271 25
277 140
281 36
283 267
293 17
307 281
311 189
313 143
317 51
331 327
337 265
347 55
349 13
353 282
359 290
367 2
373 255
379 151
