# CRT sieve file generated by gapminer gen_crt
n_primes 128
merit 40.00
shift 998
gap_target 34769
n_candidates 2186
2 1
3 2
5 2
7 5
11 10
13 2
17 5
19 10
23 11
29 26
31 4
37 14
41 7
43 19
47 24
53 46
59 52
61 12
67 17
71 8
73 6
79 65
83 24
89 53
97 11
101 74
103 75
107 6
109 41
113 34
127 7
131 39
137 10
139 60
149 132
151 75
157 85
163 143
167 97
173 58
179 55
181 62
191 157
193 188
197 65
199 106
211 14
223 18
227 192
229 56
233 17
239 93
241 204
251 66
257 208
263 111
269 26
271 181
277 116
281 173
283 63
293 99
307 278
311 78
313 291
317 95
331 71
337 126
347 13
349 272
353 96
359 191
367 214
373 335
379 89
383 308
389 68
397 145
401 390
409 86
419 125
421 51
431 112
433 40
439 263
443 123
449 362
457 90
461 415
463 349
467 217
479 300
487 44
491 407
499 159
503 35
509 358
521 519
523 461
541 480
547 312
557 32
563 427
569 265
571 404
577 49
587 366
593 210
599 54
601 2
607 453
613 303
617 203
619 153
631 484
641 244
643 196
647 100
653 609
659 471
661 425
673 435
677 57
683 602
691 426
701 206
709 30
719 529
