# CRT sieve file generated by gapminer gen_crt
n_primes 67
merit 28.00
shift 450
gap_target 13703
n_candidates 1029
2 1
3 2
5 2
7 3
11 1
13 12
17 11
19 3
23 14
29 13
31 27
37 31
41 26
43 28
47 11
53 2
59 9
61 16
67 23
71 67
73 40
79 31
83 2
89 78
97 70
101 13
103 45
107 26
109 80
113 99
127 37
131 23
137 32
139 43
149 9
151 42
157 8
163 161
167 116
173 150
179 29
181 112
191 14
193 115
197 132
199 44
211 149
223 103
227 174
229 98
233 179
239 196
241 124
251 15
257 62
263 121
269 192
271 128
277 213
281 89
283 27
293 18
307 204
311 202
313 36
317 241
331 303
