# CRT sieve file generated by gapminer gen_crt
n_primes 88
merit 23.00
shift 631
gap_target 14141
n_candidates 982
2 1
3 1
5 3
7 6
11 5
13 6
17 9
19 4
23 16
29 6
31 16
37 28
41 30
43 18
47 1
53 37
59 51
61 49
67 9
71 21
73 13
79 34
83 23
89 60
97 9
101 82
103 2
107 53
109 71
113 3
127 111
131 123
137 29
139 87
149 35
151 112
157 18
163 17
167 82
173 101
179 127
181 90
191 69
193 115
197 3
199 110
211 111
223 204
227 142
229 17
233 72
239 208
241 197
251 64
257 216
263 246
269 218
271 106
277 120
281 10
283 171
293 250
307 263
311 1
313 96
317 290
331 175
337 182
347 183
349 221
353 36
359 33
367 166
373 358
379 156
383 342
389 344
397 299
401 224
409 66
419 212
421 372
431 169
433 206
439 404
443 282
449 130
457 152
