# CRT sieve file generated by gapminer gen_crt
n_primes 71
merit 23.00
shift 483
gap_target 11782
n_candidates 863
2 1
3 1
5 1
7 4
11 5
13 8
17 4
19 1
23 1
29 27
31 9
37 21
41 24
43 6
47 42
53 11
59 18
61 9
67 54
71 2
73 61
79 73
83 38
89 75
97 56
101 26
103 17
107 11
109 14
113 55
127 94
131 49
137 85
139 122
149 20
151 95
157 30
163 140
167 4
173 25
179 63
181 94
191 143
193 39
197 166
199 110
211 41
223 107
227 22
229 60
233 7
239 185
241 212
251 242
257 189
263 159
269 262
271 11
277 94
281 172
283 281
293 218
307 78
311 163
313 246
317 60
331 236
337 161
347 93
349 193
353 311
