# CRT sieve file generated by gapminer gen_crt
n_primes 94
merit 23.00
shift 684
gap_target 14986
n_candidates 1016
2 1
3 2
5 2
7 2
11 9
13 12
17 2
19 1
23 4
29 10
31 11
37 28
41 3
43 11
47 37
53 21
59 12
61 24
67 38
71 48
73 11
79 72
83 46
89 76
97 25
101 12
103 93
107 50
109 33
113 81
127 105
131 123
137 11
139 18
149 78
151 55
157 42
163 98
167 93
173 136
179 93
181 143
191 54
193 161
197 62
199 62
211 74
223 66
227 206
229 117
233 184
239 238
241 178
251 160
257 223
263 218
269 204
271 44
277 147
281 278
283 40
293 270
307 261
311 34
313 304
317 172
331 43
337 33
347 99
349 215
353 251
359 68
367 64
373 251
379 311
383 240
389 362
397 394
401 184
409 330
419 96
421 219
431 261
433 291
439 340
443 127
449 120
457 414
461 106
463 334
467 256
479 336
487 94
491 60
