# CRT sieve file generated by gapminer gen_crt
n_primes 86
merit 23.00
shift 613
gap_target 13854
n_candidates 914
2 1
3 1
5 2
7 6
11 9
13 4
17 3
19 12
23 12
29 7
31 17
37 2
41 8
43 10
47 39
53 9
59 5
61 10
67 30
71 2
73 26
79 42
83 27
89 5
97 18
101 4
103 3
107 13
109 24
113 58
127 49
131 16
137 50
139 113
149 41
151 122
157 75
163 40
167 79
173 66
179 65
181 7
191 99
193 45
197 134
199 82
211 192
223 127
227 35
229 218
233 130
239 237
241 195
251 236
257 116
263 259
269 145
271 107
277 270
281 198
283 162
293 275
307 37
311 280
313 248
317 184
331 291
337 201
347 51
349 21
353 314
359 230
367 118
373 34
379 329
383 277
389 199
397 95
401 43
409 348
419 228
421 204
431 84
433 60
439 427
443 383
