# CRT sieve file generated by gapminer gen_crt
n_primes 104
merit 23.00
shift 775
gap_target 16437
n_candidates 1091
2 1
3 1
5 1
7 2
11 7
13 12
17 3
19 3
23 11
29 6
31 5
37 24
41 8
43 28
47 19
53 13
59 36
61 59
67 5
71 67
73 23
79 49
83 7
89 35
97 83
101 26
103 30
107 25
109 78
113 72
127 17
131 104
137 127
139 1
149 123
151 16
157 33
163 42
167 100
173 99
179 122
181 8
191 131
193 123
197 17
199 11
211 21
223 23
227 27
229 135
233 193
239 199
241 124
251 68
257 136
263 93
269 57
271 17
277 233
281 97
283 129
293 195
307 161
311 162
313 57
317 64
331 216
337 263
347 34
349 38
353 349
359 35
367 278
373 74
379 259
383 369
389 195
397 101
401 2
409 370
419 364
421 369
431 182
433 2
439 107
443 308
449 288
457 108
461 32
463 412
467 417
479 52
487 55
491 416
499 485
503 207
509 250
521 364
523 56
541 519
547 413
557 344
563 297
569 394
