# CRT sieve file generated by gapminer gen_crt
n_primes 74
merit 30.00
shift 507
gap_target 15867
n_candidates 1141
2 1
3 2
5 1
7 1
11 7
13 12
17 6
19 8
23 10
29 15
31 14
37 1
41 7
43 21
47 4
53 41
59 46
61 1
67 5
71 27
73 56
79 57
83 49
89 8
97 79
101 5
103 77
107 31
109 14
113 105
127 41
131 91
137 59
139 100
149 67
151 128
157 21
163 89
167 92
173 25
179 149
181 75
191 87
193 17
197 74
199 6
211 20
223 82
227 189
229 131
233 15
239 80
241 24
251 246
257 90
263 197
269 47
271 268
277 124
281 28
283 263
293 33
307 18
311 241
313 199
317 115
331 152
337 32
347 280
349 141
353 65
359 310
367 166
373 58
