# CRT sieve file generated by gapminer gen_crt
n_primes 82
merit 23.00
shift 578
gap_target 13296
n_candidates 942
2 1
3 2
5 4
7 4
11 2
13 8
17 1
19 8
23 1
29 1
31 23
37 36
41 8
43 16
47 44
53 38
59 48
61 45
67 29
71 59
73 35
79 9
83 22
89 37
97 2
101 82
103 54
107 40
109 59
113 24
127 111
131 74
137 39
139 52
149 106
151 26
157 45
163 49
167 37
173 6
179 31
181 125
191 182
193 134
197 114
199 115
211 66
223 83
227 139
229 203
233 179
239 220
241 218
251 187
257 140
263 116
269 50
271 5
277 42
281 231
283 100
293 137
307 200
311 185
313 76
317 301
331 218
337 295
347 143
349 35
353 270
359 140
367 24
373 142
379 230
383 313
389 48
397 118
401 8
409 177
419 292
421 324
