# CRT sieve file generated by gapminer gen_crt
n_primes 77
merit 23.00
shift 535
gap_target 12611
n_candidates 911
2 1
3 2
5 1
7 4
11 4
13 5
17 14
19 2
23 19
29 17
31 28
37 27
41 26
43 32
47 31
53 37
59 43
61 59
67 58
71 38
73 45
79 13
83 43
89 13
97 52
101 77
103 23
107 12
109 22
113 97
127 112
131 49
137 8
139 123
149 34
151 24
157 88
163 41
167 87
173 149
179 11
181 156
191 145
193 132
197 127
199 159
211 201
223 109
227 38
229 28
233 124
239 160
241 45
251 245
257 156
263 235
269 194
271 249
277 259
281 71
283 234
293 274
307 298
311 200
313 171
317 263
331 141
337 5
347 273
349 303
353 73
359 283
367 349
373 334
379 310
383 258
389 370
