# CRT sieve file generated by gapminer gen_crt
n_primes 128
merit 28.00
shift 998
gap_target 24338
n_candidates 1423
2 1
3 1
5 1
7 3
11 6
13 6
17 9
19 1
23 14
29 19
31 20
37 9
41 14
43 27
47 44
53 10
59 4
61 50
67 64
71 1
73 27
79 43
83 65
89 10
97 35
101 51
103 71
107 28
109 70
113 65
127 46
131 12
137 128
139 131
149 57
151 82
157 24
163 153
167 92
173 102
179 136
181 32
191 85
193 180
197 185
199 91
211 160
223 78
227 137
229 55
233 124
239 123
241 45
251 157
257 192
263 239
269 29
271 230
277 26
281 171
283 105
293 68
307 234
311 114
313 54
317 251
331 272
337 8
347 75
349 21
353 266
359 110
367 269
373 119
379 348
383 252
389 108
397 313
401 221
409 37
419 226
421 182
431 393
433 351
439 225
443 141
449 15
457 304
461 224
463 184
467 104
479 442
487 191
491 115
499 462
503 390
509 282
521 66
523 30
541 247
547 145
557 532
563 436
569 340
571 308
577 212
587 52
593 559
599 459
601 429
607 339
613 478
617 189
619 520
631 610
641 470
643 442
647 386
653 302
659 218
661 190
673 22
677 295
683 565
691 562
701 331
709 611
719 312
