# CRT sieve file generated by gapminer gen_crt
n_primes 70
merit 33.00
shift 475
gap_target 16721
n_candidates 1252
2 1
3 1
5 2
7 2
11 7
13 2
17 5
19 1
23 18
29 23
31 23
37 11
41 37
43 30
47 30
53 5
59 31
61 1
67 7
71 20
73 11
79 56
83 63
89 15
97 63
101 34
103 80
107 89
109 48
113 91
127 113
131 123
137 31
139 52
149 68
151 111
157 107
163 127
167 98
173 156
179 59
181 150
191 92
193 8
197 37
199 154
211 96
223 86
227 169
229 99
233 192
239 227
241 161
251 82
257 147
263 224
269 44
271 255
277 81
281 246
283 190
293 203
307 132
311 28
313 293
317 189
331 170
337 26
347 32
349 87
