# CRT sieve file generated by gapminer gen_crt
n_primes 68
merit 31.00
shift 458
gap_target 15343
n_candidates 1151
2 1
3 2
5 4
7 1
11 10
13 9
17 15
19 15
23 21
29 15
31 20
37 21
41 34
43 8
47 29
53 1
59 1
61 49
67 2
71 10
73 38
79 60
83 3
89 37
97 70
101 90
103 9
107 73
109 8
113 3
127 111
131 81
137 66
139 69
149 144
151 20
157 119
163 91
167 30
173 40
179 74
181 151
191 23
193 118
197 123
199 29
211 98
223 16
227 75
229 222
233 62
239 61
241 224
251 95
257 130
263 177
269 236
271 168
277 241
281 109
283 43
293 6
307 172
311 52
313 305
317 189
331 114
337 283
