# CRT sieve file generated by gapminer gen_crt
n_primes 128
merit 30.00
shift 998
gap_target 26077
n_candidates 1541
2 1
3 2
5 3
7 4
11 10
13 11
17 10
19 1
23 6
29 7
31 8
37 19
41 37
43 7
47 44
53 47
59 20
61 6
67 41
71 12
73 61
79 12
83 25
89 16
97 75
101 19
103 3
107 102
109 3
113 43
127 54
131 95
137 133
139 110
149 55
151 56
157 83
163 146
167 41
173 158
179 132
181 8
191 152
193 36
197 1
199 86
211 47
223 80
227 107
229 9
233 46
239 236
241 144
251 186
257 179
263 184
269 201
271 119
277 150
281 271
283 193
293 96
307 178
311 34
313 275
317 135
331 307
337 109
347 126
349 62
353 287
359 101
367 220
373 40
379 239
383 123
389 338
397 114
401 2
409 187
419 336
421 284
431 24
433 405
439 255
443 155
449 5
457 262
461 166
463 118
467 22
479 213
487 29
491 428
499 252
503 164
509 32
521 289
523 247
541 410
547 290
557 90
563 533
569 419
571 381
577 267
587 77
593 556
599 448
601 412
607 304
613 196
617 124
619 88
631 503
641 333
643 299
647 231
653 27
659 27
661 654
673 462
677 398
683 135
691 174
701 406
709 595
719 445
