# CRT sieve file generated by gapminer gen_crt
n_primes 128
merit 29.00
shift 998
gap_target 25207
n_candidates 1482
2 1
3 2
5 2
7 6
11 8
13 12
17 11
19 2
23 20
29 2
31 23
37 1
41 14
43 36
47 14
53 7
59 31
61 58
67 20
71 23
73 27
79 25
83 75
89 33
97 7
101 78
103 83
107 22
109 61
113 62
127 63
131 103
137 86
139 1
149 83
151 28
157 44
163 108
167 66
173 33
179 36
181 45
191 150
193 183
197 64
199 107
211 27
223 43
227 221
229 87
233 52
239 134
241 6
251 119
257 10
263 176
269 97
271 254
277 195
281 256
283 148
293 194
307 80
311 191
313 93
317 214
331 204
337 265
347 162
349 74
353 251
359 352
367 16
373 137
379 270
383 110
389 259
397 344
401 192
409 297
419 346
421 274
431 345
433 275
439 65
443 368
449 164
457 349
461 217
463 151
467 19
479 102
487 333
491 209
499 460
503 340
509 160
521 321
523 263
541 282
547 114
557 391
563 229
569 67
571 568
577 428
587 168
593 12
599 455
601 405
607 255
613 105
617 5
619 574
631 286
641 46
643 641
647 549
653 411
659 273
661 227
673 624
677 536
683 404
691 228
701 8
709 541
719 331
