# CRT sieve file generated by gapminer gen_crt
n_primes 100
merit 35.00
shift 738
gap_target 24115
n_candidates 1611
2 1
3 1
5 1
7 3
11 4
13 12
17 1
19 7
23 7
29 28
31 20
37 17
41 26
43 10
47 28
53 14
59 17
61 13
67 11
71 69
73 55
79 30
83 59
89 74
97 68
101 24
103 14
107 18
109 32
113 84
127 10
131 59
137 109
139 90
149 55
151 60
157 99
163 11
167 77
173 33
179 13
181 72
191 45
193 124
197 97
199 186
211 171
223 5
227 36
229 169
233 214
239 177
241 87
251 139
257 138
263 149
269 172
271 92
277 28
281 254
283 178
293 91
307 187
311 47
313 290
317 154
331 9
337 148
347 175
349 113
353 342
359 162
367 289
373 115
379 320
383 298
389 40
397 213
401 105
409 298
419 38
421 407
431 157
433 107
439 396
443 337
449 156
457 391
461 329
463 198
467 191
479 215
487 218
491 346
499 453
503 369
509 261
521 512
523 155
541 112
