# CRT sieve file generated by gapminer gen_crt
n_primes 115
merit 23.00
shift 876
gap_target 18047
n_candidates 1141
2 1
3 2
5 4
7 3
11 8
13 2
17 5
19 10
23 18
29 1
31 7
37 3
41 14
43 40
47 18
53 45
59 1
61 37
67 4
71 19
73 48
79 63
83 41
89 62
97 40
101 72
103 3
107 62
109 100
113 96
127 93
131 62
137 110
139 131
149 120
151 68
157 146
163 82
167 9
173 17
179 32
181 48
191 168
193 102
197 27
199 64
211 18
223 76
227 58
229 18
233 180
239 125
241 62
251 10
257 137
263 19
269 11
271 171
277 76
281 79
283 247
293 210
307 209
311 256
313 194
317 70
331 63
337 186
347 11
349 258
353 197
359 205
367 165
373 46
379 24
383 26
389 208
397 385
401 6
409 358
419 415
421 136
431 131
433 338
439 97
443 12
449 197
457 78
461 1
463 251
467 246
479 472
487 105
491 358
499 433
503 420
509 349
521 172
523 306
541 308
547 412
557 160
563 235
569 133
571 89
577 19
587 585
593 538
599 255
601 326
607 237
613 177
617 78
619 36
631 295
