# CRT sieve file generated by gapminer gen_crt
n_primes 116
merit 23.00
shift 886
gap_target 18207
n_candidates 1160
2 1
3 2
5 1
7 1
11 8
13 11
17 2
19 11
23 1
29 4
31 22
37 12
41 15
43 3
47 29
53 15
59 49
61 37
67 3
71 15
73 55
79 21
83 1
89 74
97 76
101 3
103 47
107 94
109 15
113 24
127 80
131 103
137 48
139 16
149 14
151 79
157 126
163 161
167 37
173 9
179 161
181 29
191 107
193 171
197 121
199 148
211 142
223 163
227 22
229 16
233 121
239 3
241 22
251 114
257 160
263 131
269 42
271 224
277 224
281 250
283 98
293 60
307 179
311 241
313 31
317 282
331 77
337 308
347 52
349 228
353 344
359 279
367 306
373 119
379 176
383 55
389 86
397 391
401 220
409 289
419 34
421 241
431 404
433 385
439 204
443 238
449 6
457 376
461 227
463 274
467 192
479 8
487 90
491 228
499 244
503 308
509 491
521 460
523 358
541 118
547 507
557 380
563 509
569 292
571 40
577 144
587 450
593 214
599 197
601 211
607 505
613 279
617 141
619 168
631 36
641 480
