# CRT sieve file generated by gapminer gen_crt
n_primes 70
merit 23.00
shift 475
gap_target 11654
n_candidates 866
2 1
3 1
5 2
7 4
11 1
13 3
17 1
19 9
23 21
29 8
31 30
37 11
41 21
43 21
47 7
53 16
59 35
61 14
67 35
71 60
73 23
79 72
83 17
89 55
97 29
101 69
103 57
107 75
109 98
113 11
127 84
131 75
137 50
139 70
149 100
151 129
157 32
163 158
167 135
173 148
179 82
181 95
191 38
193 192
197 65
199 135
211 168
223 52
227 46
229 201
233 191
239 166
241 18
251 224
257 110
263 128
269 234
271 248
277 135
281 11
283 164
293 135
307 181
311 246
313 42
317 296
331 274
337 321
347 290
349 114
