# CRT sieve file generated by gapminer gen_crt
n_primes 74
merit 32.00
shift 507
gap_target 16924
n_candidates 1234
2 1
3 1
5 1
7 4
11 2
13 8
17 3
19 4
23 17
29 12
31 8
37 10
41 5
43 38
47 24
53 1
59 5
61 3
67 26
71 20
73 35
79 73
83 41
89 53
97 84
101 91
103 52
107 93
109 68
113 30
127 23
131 57
137 1
139 34
149 110
151 14
157 40
163 90
167 81
173 169
179 102
181 22
191 4
193 121
197 170
199 98
211 88
223 126
227 225
229 163
233 39
239 92
241 32
251 234
257 66
263 161
269 268
271 216
277 60
281 237
283 187
293 230
307 201
311 109
313 63
317 288
331 311
337 185
347 322
349 282
353 202
359 82
367 289
373 175
