# CRT sieve file generated by gapminer gen_crt
n_primes 73
merit 23.00
shift 500
gap_target 12053
n_candidates 894
2 1
3 1
5 1
7 3
11 4
13 3
17 3
19 5
23 2
29 6
31 30
37 11
41 10
43 3
47 42
53 13
59 31
61 30
67 4
71 15
73 4
79 37
83 57
89 22
97 66
101 74
103 4
107 17
109 73
113 104
127 43
131 91
137 109
139 72
149 113
151 149
157 116
163 114
167 1
173 51
179 89
181 139
191 32
193 54
197 96
199 98
211 137
223 204
227 135
229 165
233 49
239 198
241 23
251 106
257 94
263 60
269 260
271 249
277 167
281 132
283 244
293 261
307 177
311 201
313 155
317 261
331 10
337 46
347 287
349 199
353 277
359 134
367 78
