# CRT sieve file generated by gapminer gen_crt
n_primes 75
merit 30.00
shift 512
gap_target 15971
n_candidates 1142
2 1
3 2
5 2
7 5
11 7
13 3
17 15
19 6
23 21
29 18
31 30
37 6
41 25
43 27
47 33
53 40
59 15
61 21
67 1
71 7
73 28
79 5
83 64
89 5
97 52
101 67
103 32
107 81
109 60
113 30
127 51
131 93
137 49
139 86
149 33
151 90
157 128
163 27
167 22
173 116
179 55
181 158
191 160
193 88
197 141
199 71
211 73
223 123
227 226
229 166
233 46
239 105
241 47
251 8
257 97
263 198
269 42
271 261
277 111
281 11
283 244
293 4
307 282
311 194
313 150
317 62
331 85
337 296
347 96
349 56
353 329
359 215
367 63
373 322
379 214
