# CRT sieve file generated by gapminer gen_crt
n_primes 128
merit 40.00
shift 998
gap_target 34769
n_candidates 2857
2 1
3 1
5 1
7 1
11 6
13 10
17 2
19 6
23 20
29 11
31 10
37 23
41 23
43 10
47 26
53 31
59 29
61 59
67 31
71 15
73 3
79 67
83 14
89 6
97 67
101 6
103 56
107 4
109 18
113 9
127 56
131 38
137 27
139 73
149 77
151 1
157 103
163 34
167 102
173 104
179 86
181 99
191 140
193 49
197 189
199 96
211 36
223 204
227 189
229 117
233 55
239 50
241 49
251 86
257 163
263 27
269 31
271 235
277 257
281 14
283 103
293 226
307 93
311 28
313 161
317 63
331 152
337 187
347 137
349 325
353 82
359 215
367 86
373 229
379 148
383 368
389 88
397 90
401 359
409 40
419 122
421 69
431 272
433 30
439 409
443 7
449 317
457 81
461 8
463 337
467 373
479 317
487 78
491 331
499 376
503 154
509 464
521 195
523 397
541 120
547 357
557 167
563 422
569 110
571 569
577 269
587 362
593 60
599 361
601 510
607 283
613 549
617 120
619 26
631 389
641 286
643 330
647 14
653 399
659 135
661 41
673 192
677 6
683 431
691 60
701 113
709 62
719 377
