# CRT sieve file generated by gapminer gen_crt
n_primes 69
merit 28.00
shift 467
gap_target 14033
n_candidates 1030
2 1
3 1
5 1
7 1
11 1
13 9
17 16
19 14
23 12
29 17
31 17
37 5
41 31
43 24
47 24
53 52
59 25
61 56
67 1
71 14
73 5
79 50
83 57
89 9
97 57
101 28
103 74
107 83
109 42
113 85
127 107
131 117
137 25
139 46
149 62
151 105
157 101
163 121
167 92
173 150
179 53
181 144
191 86
193 2
197 31
199 148
211 90
223 80
227 163
229 93
233 186
239 221
241 155
251 76
257 141
263 218
269 38
271 249
277 75
281 240
283 184
293 197
307 126
311 22
313 283
317 183
331 164
337 20
347 127
