# CRT sieve file generated by gapminer gen_crt
n_primes 70
merit 29.00
shift 475
gap_target 14695
n_candidates 1073
2 1
3 2
5 3
7 4
11 1
13 9
17 11
19 10
23 18
29 4
31 20
37 8
41 35
43 41
47 8
53 21
59 2
61 10
67 63
71 6
73 29
79 12
83 75
89 22
97 77
101 96
103 63
107 9
109 97
113 71
127 106
131 21
137 114
139 14
149 110
151 18
157 56
163 118
167 117
173 44
179 162
181 86
191 88
193 16
197 69
199 198
211 1
223 51
227 154
229 94
233 207
239 33
241 216
251 187
257 25
263 126
269 239
271 189
277 39
281 220
283 172
293 225
307 210
311 122
313 78
317 307
331 13
337 224
347 24
349 333
