# CRT sieve file generated by gapminer gen_crt
n_primes 105
merit 23.00
shift 784
gap_target 16581
n_candidates 1095
2 1
3 2
5 4
7 2
11 10
13 11
17 14
19 6
23 18
29 18
31 11
37 8
41 6
43 1
47 8
53 37
59 6
61 51
67 11
71 32
73 32
79 40
83 49
89 55
97 50
101 12
103 62
107 20
109 70
113 6
127 124
131 51
137 63
139 118
149 86
151 116
157 25
163 33
167 71
173 157
179 99
181 46
191 28
193 169
197 192
199 2
211 106
223 203
227 125
229 71
233 227
239 133
241 204
251 106
257 136
263 222
269 1
271 152
277 214
281 36
283 92
293 198
307 246
311 1
313 280
317 248
331 220
337 174
347 9
349 53
353 287
359 353
367 224
373 233
379 359
383 372
389 291
397 151
401 350
409 381
419 138
421 376
431 60
433 424
439 287
443 392
449 379
457 374
461 113
463 437
467 355
479 120
487 412
491 439
499 10
503 264
509 162
521 420
523 87
541 168
547 524
557 332
563 442
569 200
571 524
