# CRT sieve file generated by gapminer gen_crt
n_primes 114
merit 23.00
shift 867
gap_target 17904
n_candidates 1039
2 1
3 1
5 1
7 5
11 3
13 3
17 14
19 2
23 2
29 9
31 25
37 24
41 37
43 42
47 19
53 24
59 21
61 60
67 29
71 58
73 57
79 47
83 66
89 36
97 11
101 91
103 40
107 57
109 20
113 71
127 121
131 8
137 59
139 84
149 120
151 16
157 18
163 44
167 19
173 83
179 171
181 85
191 37
193 148
197 185
199 107
211 61
223 63
227 150
229 82
233 179
239 220
241 156
251 87
257 158
263 241
269 67
271 9
277 112
281 2
283 227
293 250
307 193
311 93
313 43
317 260
331 255
337 117
347 258
349 190
353 102
359 329
367 161
373 35
379 288
383 208
389 88
397 325
401 249
409 97
419 326
421 290
431 110
433 74
439 405
443 337
449 235
457 99
461 31
463 152
467 396
479 204
487 76
491 12
499 383
503 85
509 440
521 29
523 485
541 294
547 210
557 70
563 69
569 171
571 445
577 367
587 309
593 538
599 465
601 55
607 584
613 512
617 464
619 104
