# CRT sieve file generated by gapminer gen_crt
n_primes 81
merit 23.00
shift 569
gap_target 13153
n_candidates 939
2 1
3 2
5 3
7 6
11 8
13 11
17 16
19 2
23 11
29 25
31 18
37 34
41 17
43 1
47 46
53 35
59 10
61 37
67 63
71 61
73 12
79 9
83 53
89 45
97 88
101 71
103 96
107 2
109 89
113 39
127 38
131 34
137 25
139 123
149 84
151 100
157 10
163 83
167 112
173 25
179 98
181 13
191 62
193 14
197 163
199 106
211 9
223 146
227 215
229 37
233 155
239 75
241 100
251 241
257 22
263 48
269 253
271 54
277 212
281 18
283 139
293 61
307 87
311 156
313 214
317 111
331 212
337 3
347 130
349 334
353 80
359 313
367 331
373 67
379 227
383 190
389 368
397 166
401 377
409 346
419 280
