# CRT sieve file generated by gapminer gen_crt
n_primes 72
merit 23.00
shift 492
gap_target 11925
n_candidates 888
2 1
3 1
5 2
7 6
11 9
13 8
17 3
19 2
23 11
29 11
31 11
37 20
41 8
43 1
47 16
53 1
59 6
61 14
67 36
71 43
73 27
79 62
83 34
89 34
97 53
101 4
103 65
107 29
109 78
113 14
127 115
131 104
137 98
139 115
149 9
151 52
157 151
163 69
167 96
173 16
179 101
181 13
191 167
193 10
197 151
199 148
211 61
223 51
227 108
229 20
233 193
239 235
241 35
251 234
257 66
263 224
269 87
271 135
277 174
281 176
283 53
293 64
307 213
311 47
313 236
317 224
331 248
337 134
347 22
349 292
353 322
359 136
