# CRT sieve file generated by gapminer gen_crt
n_primes 67
merit 33.00
shift 450
gap_target 16149
n_candidates 1243
2 1
3 1
5 2
7 1
11 3
13 7
17 5
19 6
23 4
29 17
31 21
37 6
41 8
43 1
47 25
53 43
59 54
61 27
67 66
71 50
73 66
79 52
83 54
89 58
97 51
101 51
103 63
107 4
109 38
113 17
127 69
131 23
137 121
139 118
149 14
151 33
157 114
163 68
167 162
173 160
179 3
181 74
191 107
193 5
197 195
199 97
211 142
223 36
227 87
229 1
233 62
239 49
241 208
251 59
257 82
263 117
269 164
271 92
277 153
281 13
283 226
293 179
307 24
311 207
313 145
317 21
331 249
