# CRT sieve file generated by gapminer gen_crt
n_primes 93
merit 23.00
shift 675
gap_target 14843
n_candidates 968
2 1
3 1
5 2
7 5
11 5
13 6
17 13
19 14
23 19
29 19
31 7
37 26
41 14
43 1
47 35
53 24
59 27
61 52
67 65
71 2
73 16
79 27
83 40
89 60
97 32
101 42
103 53
107 87
109 1
113 55
127 116
131 103
137 30
139 101
149 69
151 7
157 135
163 124
167 12
173 17
179 34
181 163
191 104
193 56
197 157
199 111
211 46
223 5
227 177
229 108
233 28
239 147
241 109
251 20
257 62
263 217
269 115
271 81
277 256
281 192
283 160
293 21
307 190
311 23
313 72
317 250
331 54
337 307
347 203
349 151
353 99
359 306
367 284
373 212
379 80
383 378
389 309
397 321
401 277
409 181
419 79
421 353
431 398
433 426
439 300
443 358
449 198
457 140
461 78
463 448
467 210
479 377
487 178
