# CRT sieve file generated by gapminer gen_crt
n_primes 67
merit 40.00
shift 450
gap_target 19575
n_candidates 1534
2 1
3 1
5 1
7 1
11 7
13 9
17 10
19 7
23 19
29 23
31 16
37 18
41 11
43 18
47 23
53 24
59 6
61 48
67 50
71 50
73 1
79 5
83 19
89 41
97 58
101 70
103 88
107 41
109 81
113 72
127 39
131 1
137 111
139 112
149 28
151 51
157 144
163 110
167 45
173 49
179 25
181 152
191 14
193 107
197 108
199 12
211 69
223 198
227 30
229 175
233 11
239 4
241 165
251 26
257 55
263 96
269 149
271 79
277 146
281 10
283 225
293 188
307 47
311 234
313 174
317 54
331 296
