# CRT sieve file generated by gapminer gen_crt
n_primes 98
merit 40.00
shift 720
gap_target 27061
n_candidates 1857
2 1
3 2
5 2
7 5
11 7
13 3
17 12
19 15
23 4
29 18
31 17
37 7
41 30
43 39
47 2
53 30
59 29
61 14
67 3
71 4
73 1
79 33
83 37
89 74
97 70
101 39
103 90
107 14
109 97
113 73
127 114
131 99
137 53
139 2
149 105
151 82
157 37
163 28
167 42
173 93
179 1
181 36
191 80
193 137
197 66
199 133
211 197
223 134
227 129
229 15
233 20
239 162
241 54
251 16
257 218
263 181
269 156
271 60
277 49
281 142
283 50
293 176
307 174
311 6
313 235
317 71
331 159
337 262
347 229
349 155
353 7
359 144
367 223
373 13
379 182
383 46
389 231
397 364
401 236
409 389
419 79
421 17
431 138
433 78
439 337
443 287
449 47
457 272
461 160
463 104
467 459
479 135
487 406
491 192
499 94
503 493
509 343
521 43
