# CRT sieve file generated by gapminer gen_crt
n_primes 74
merit 30.00
shift 511
gap_target 15950
n_candidates 1154
2 1
3 1
5 4
7 5
11 1
13 3
17 2
19 1
23 14
29 15
31 14
37 23
41 1
43 13
47 16
53 37
59 15
61 30
67 61
71 50
73 29
79 38
83 21
89 26
97 34
101 86
103 21
107 10
109 68
113 95
127 61
131 55
137 76
139 91
149 77
151 114
157 92
163 94
167 150
173 93
179 157
181 63
191 166
193 78
197 99
199 13
211 130
223 96
227 171
229 97
233 182
239 205
241 135
251 36
257 89
263 154
269 231
271 169
277 260
281 140
283 80
293 73
307 281
311 173
313 119
317 11
331 295
337 145
347 242
349 194
353 98
359 313
367 129
373 364
