# CRT sieve file generated by gapminer gen_crt
n_primes 99
merit 23.00
shift 729
gap_target 15704
n_candidates 1059
2 1
3 1
5 2
7 4
11 4
13 5
17 15
19 4
23 17
29 21
31 17
37 4
41 16
43 11
47 10
53 15
59 5
61 6
67 5
71 64
73 59
79 69
83 13
89 18
97 31
101 65
103 70
107 51
109 5
113 29
127 48
131 77
137 136
139 83
149 45
151 75
157 66
163 148
167 29
173 35
179 81
181 120
191 158
193 127
197 13
199 194
211 160
223 216
227 84
229 218
233 15
239 103
241 207
251 66
257 223
263 241
269 20
271 127
277 180
281 170
283 13
293 252
307 204
311 150
313 139
317 19
331 46
337 299
347 341
349 318
353 101
359 40
367 230
373 287
379 67
383 18
389 245
397 295
401 240
409 189
419 414
421 233
431 355
433 401
439 220
443 131
449 160
457 283
461 458
463 190
467 1
479 294
487 127
491 10
499 366
503 254
509 60
521 1
523 176
