# CRT sieve file generated by gapminer gen_crt
n_primes 95
merit 23.00
shift 693
gap_target 15130
n_candidates 1024
2 1
3 1
5 3
7 1
11 3
13 10
17 11
19 3
23 11
29 16
31 30
37 26
41 33
43 12
47 10
53 15
59 15
61 60
67 20
71 52
73 2
79 9
83 43
89 36
97 86
101 30
103 54
107 42
109 75
113 61
127 47
131 72
137 105
139 109
149 126
151 92
157 4
163 40
167 150
173 27
179 166
181 138
191 21
193 190
197 9
199 37
211 142
223 88
227 37
229 215
233 64
239 33
241 78
251 236
257 24
263 146
269 186
271 210
277 6
281 87
283 82
293 123
307 133
311 147
313 193
317 102
331 84
337 110
347 209
349 312
353 124
359 151
367 245
373 108
379 345
383 278
389 271
397 314
401 360
409 224
419 34
421 419
431 420
433 413
439 405
443 441
449 331
457 342
461 384
463 461
467 27
479 446
487 111
491 339
499 478
