# CRT sieve file generated by gapminer gen_crt
n_primes 113
merit 23.00
shift 858
gap_target 17760
n_candidates 1149
2 1
3 1
5 2
7 3
11 2
13 1
17 9
19 7
23 9
29 27
31 2
37 3
41 31
43 39
47 36
53 33
59 40
61 45
67 48
71 19
73 46
79 8
83 43
89 21
97 82
101 57
103 35
107 12
109 72
113 112
127 119
131 94
137 66
139 84
149 59
151 56
157 152
163 87
167 62
173 116
179 126
181 31
191 13
193 177
197 191
199 98
211 157
223 90
227 33
229 158
233 65
239 6
241 198
251 104
257 21
263 108
269 25
271 13
277 120
281 217
283 175
293 187
307 42
311 80
313 181
317 43
331 292
337 194
347 1
349 179
353 26
359 129
367 23
373 7
379 126
383 265
389 12
397 135
401 134
409 14
419 418
421 316
431 164
433 376
439 135
443 302
449 358
457 14
461 444
463 359
467 237
479 266
487 74
491 450
499 209
503 357
509 407
521 428
523 55
541 402
547 240
557 432
563 87
569 524
571 33
577 261
587 44
593 146
599 306
601 50
607 326
613 485
617 408
