# CRT sieve file generated by gapminer gen_crt
n_primes 80
merit 23.00
shift 561
gap_target 13025
n_candidates 936
2 1
3 2
5 3
7 6
11 10
13 8
17 2
19 15
23 7
29 14
31 9
37 2
41 2
43 6
47 42
53 31
59 55
61 51
67 50
71 28
73 27
79 64
83 66
89 9
97 88
101 29
103 91
107 96
109 26
113 106
127 51
131 35
137 102
139 94
149 124
151 11
157 154
163 108
167 28
173 54
179 12
181 126
191 148
193 41
197 51
199 46
211 111
223 110
227 220
229 216
233 55
239 177
241 4
251 17
257 131
263 18
269 180
271 207
277 263
281 190
283 265
293 167
307 156
311 306
313 257
317 242
331 212
337 225
347 210
349 205
353 261
359 191
367 316
373 280
379 13
383 227
389 103
397 342
401 103
409 315
