# CRT sieve file generated by gapminer gen_crt
n_primes 100
merit 23.00
shift 738
gap_target 15847
n_candidates 1056
2 1
3 2
5 4
7 3
11 5
13 7
17 12
19 5
23 3
29 23
31 6
37 18
41 8
43 19
47 10
53 30
59 34
61 59
67 45
71 9
73 66
79 23
83 60
89 43
97 24
101 67
103 77
107 54
109 57
113 22
127 105
131 102
137 65
139 103
149 14
151 1
157 28
163 52
167 44
173 22
179 32
181 25
191 149
193 12
197 4
199 40
211 37
223 66
227 162
229 36
233 206
239 48
241 28
251 120
257 129
263 140
269 264
271 98
277 149
281 47
283 76
293 81
307 183
311 280
313 112
317 153
331 196
337 282
347 306
349 328
353 107
359 137
367 62
373 59
379 151
383 351
389 133
397 93
401 58
409 112
419 260
421 150
431 262
433 2
439 2
443 439
449 14
457 408
461 52
463 150
467 307
479 111
487 106
491 327
499 246
503 208
509 160
521 516
523 250
541 501
