# CRT sieve file generated by gapminer gen_crt
n_primes 117
merit 23.00
shift 895
gap_target 18350
n_candidates 1163
2 1
3 2
5 3
7 1
11 4
13 11
17 14
19 2
23 18
29 8
31 16
37 31
41 39
43 13
47 2
53 40
59 11
61 15
67 56
71 16
73 66
79 33
83 82
89 16
97 56
101 76
103 81
107 77
109 17
113 90
127 88
131 7
137 86
139 11
149 148
151 46
157 5
163 9
167 105
173 21
179 22
181 127
191 69
193 5
197 158
199 14
211 16
223 15
227 39
229 161
233 205
239 55
241 152
251 220
257 12
263 207
269 54
271 43
277 196
281 212
283 222
293 256
307 7
311 300
313 25
317 310
331 205
337 302
347 27
349 153
353 59
359 162
367 147
373 285
379 304
383 308
389 6
397 18
401 44
409 30
419 384
421 52
431 396
433 10
439 399
443 2
449 430
457 363
461 325
463 316
467 61
479 389
487 275
491 332
499 263
503 44
509 67
521 322
523 98
541 321
547 24
557 276
563 36
569 476
571 454
577 402
587 29
593 151
599 42
601 262
607 24
613 408
617 105
619 72
631 594
641 236
643 130
