# CRT sieve file generated by gapminer gen_crt
n_primes 92
merit 23.00
shift 666
gap_target 14699
n_candidates 1004
2 1
3 2
5 1
7 3
11 4
13 6
17 2
19 13
23 2
29 26
31 18
37 4
41 9
43 24
47 10
53 28
59 16
61 24
67 24
71 1
73 31
79 54
83 29
89 73
97 18
101 40
103 42
107 83
109 36
113 89
127 12
131 38
137 135
139 115
149 146
151 52
157 154
163 95
167 28
173 65
179 134
181 129
191 152
193 99
197 108
199 22
211 197
223 34
227 76
229 135
233 90
239 55
241 29
251 221
257 80
263 175
269 261
271 99
277 141
281 168
283 100
293 144
307 210
311 163
313 94
317 212
331 135
337 319
347 1
349 346
353 301
359 299
367 273
373 148
379 226
383 193
389 64
397 88
401 267
409 13
419 394
421 330
431 192
433 357
439 429
443 2
449 201
457 289
461 161
463 283
467 174
479 268
