# CRT sieve file generated by gapminer gen_crt
n_primes 84
merit 23.00
shift 596
gap_target 13583
n_candidates 949
2 1
3 2
5 2
7 1
11 7
13 10
17 6
19 18
23 10
29 7
31 10
37 2
41 5
43 38
47 19
53 16
59 7
61 51
67 48
71 67
73 71
79 50
83 33
89 15
97 85
101 41
103 12
107 72
109 60
113 109
127 55
131 93
137 3
139 41
149 19
151 126
157 119
163 94
167 35
173 4
179 114
181 33
191 55
193 36
197 177
199 189
211 54
223 82
227 226
229 162
233 70
239 133
241 213
251 102
257 219
263 37
269 221
271 256
277 27
281 260
283 169
293 174
307 264
311 83
313 198
317 186
331 59
337 84
347 179
349 130
353 108
359 214
367 354
373 100
379 350
383 325
389 310
397 245
401 175
409 353
419 50
421 95
431 354
433 216
