# CRT sieve file generated by gapminer gen_crt
n_primes 98
merit 23.00
shift 720
gap_target 15560
n_candidates 1015
2 1
3 1
5 3
7 5
11 4
13 6
17 8
19 1
23 5
29 28
31 17
37 13
41 2
43 7
47 25
53 3
59 38
61 19
67 15
71 11
73 33
79 37
83 51
89 73
97 90
101 100
103 17
107 73
109 4
113 104
127 71
131 33
137 6
139 5
149 60
151 83
157 19
163 142
167 77
173 88
179 163
181 3
191 46
193 139
197 24
199 44
211 101
223 7
227 62
229 207
233 196
239 36
241 197
251 192
257 254
263 140
269 246
271 237
277 135
281 186
283 257
293 220
307 79
311 282
313 206
317 16
331 138
337 160
347 222
349 304
353 267
359 246
367 205
373 53
379 369
383 141
389 21
397 173
401 384
409 214
419 378
421 240
431 402
433 271
439 377
443 360
449 438
457 263
461 220
463 97
467 303
479 180
487 19
491 470
499 432
503 130
509 270
521 371
