# CRT sieve file generated by gapminer gen_crt
n_primes 101
merit 23.00
shift 747
gap_target 15991
n_candidates 1063
2 1
3 1
5 1
7 5
11 9
13 12
17 16
19 13
23 1
29 25
31 11
37 28
41 9
43 20
47 18
53 9
59 14
61 59
67 29
71 41
73 38
79 34
83 55
89 66
97 65
101 67
103 50
107 83
109 7
113 83
127 30
131 81
137 22
139 44
149 45
151 40
157 46
163 114
167 99
173 46
179 144
181 10
191 148
193 5
197 100
199 94
211 204
223 2
227 119
229 19
233 211
239 22
241 68
251 112
257 31
263 10
269 108
271 168
277 254
281 138
283 35
293 12
307 23
311 1
313 21
317 266
331 78
337 237
347 314
349 123
353 258
359 264
367 48
373 134
379 74
383 62
389 80
397 138
401 81
409 17
419 109
421 98
431 138
433 282
439 194
443 337
449 338
457 408
461 421
463 221
467 218
479 211
487 415
491 223
499 306
503 9
509 434
521 237
523 308
541 13
547 122
