# CRT sieve file generated by gapminer gen_crt
n_primes 74
merit 38.00
shift 509
gap_target 20150
n_candidates 1512
2 1
3 1
5 3
7 4
11 4
13 9
17 4
19 6
23 16
29 16
31 23
37 30
41 6
43 23
47 1
53 26
59 32
61 21
67 41
71 53
73 10
79 32
83 58
89 9
97 42
101 62
103 84
107 45
109 89
113 88
127 83
131 53
137 38
139 41
149 116
151 143
157 91
163 63
167 2
173 12
179 46
181 123
191 186
193 90
197 95
199 1
211 70
223 211
227 47
229 194
233 34
239 33
241 196
251 67
257 102
263 149
269 208
271 140
277 213
281 81
283 15
293 271
307 144
311 24
313 277
317 161
331 86
337 255
347 332
349 280
353 176
359 20
367 179
373 29
