# CRT sieve file generated by gapminer gen_crt
n_primes 125
merit 23.00
shift 970
gap_target 19546
n_candidates 1212
2 1
3 1
5 2
7 5
11 5
13 3
17 2
19 7
23 15
29 14
31 14
37 20
41 1
43 17
47 20
53 5
59 40
61 30
67 12
71 50
73 71
79 7
83 12
89 79
97 13
101 2
103 25
107 104
109 5
113 101
127 87
131 24
137 32
139 6
149 79
151 90
157 73
163 131
167 68
173 9
179 143
181 98
191 43
193 50
197 99
199 36
211 132
223 131
227 196
229 130
233 132
239 120
241 232
251 62
257 69
263 242
269 78
271 79
277 268
281 7
283 248
293 281
307 56
311 206
313 25
317 154
331 279
337 178
347 142
349 124
353 259
359 211
367 319
373 332
379 330
383 10
389 345
397 201
401 42
409 29
419 186
421 101
431 411
433 226
439 24
443 294
449 91
457 56
461 275
463 382
467 447
479 443
487 35
491 284
499 42
503 104
509 38
521 357
523 426
541 495
547 26
557 549
563 476
569 108
571 215
577 8
587 156
593 111
599 458
601 367
607 281
613 335
617 273
619 486
631 34
641 499
643 9
647 408
653 166
659 214
661 106
673 117
677 447
683 670
691 674
