# CRT sieve file generated by gapminer gen_crt
n_primes 67
merit 31.00
shift 450
gap_target 15171
n_candidates 1137
2 1
3 2
5 4
7 2
11 10
13 3
17 11
19 12
23 2
29 20
31 16
37 18
41 13
43 3
47 32
53 9
59 13
61 11
67 34
71 28
73 43
79 2
83 49
89 61
97 92
101 99
103 60
107 101
109 76
113 38
127 31
131 65
137 9
139 42
149 118
151 22
157 48
163 98
167 89
173 4
179 110
181 30
191 12
193 129
197 178
199 106
211 96
223 134
227 6
229 171
233 47
239 100
241 40
251 242
257 74
263 169
269 7
271 224
277 68
281 245
283 195
293 238
307 209
311 117
313 71
317 296
331 319
