# CRT sieve file generated by gapminer gen_crt
n_primes 85
merit 23.00
shift 604
gap_target 13711
n_candidates 965
2 1
3 1
5 3
7 1
11 9
13 3
17 9
19 16
23 12
29 8
31 30
37 16
41 37
43 21
47 1
53 50
59 3
61 32
67 56
71 21
73 48
79 57
83 78
89 66
97 11
101 95
103 66
107 72
109 35
113 10
127 8
131 41
137 68
139 87
149 146
151 6
157 122
163 57
167 33
173 71
179 47
181 10
191 135
193 94
197 84
199 42
211 102
223 80
227 144
229 51
233 140
239 61
241 80
251 100
257 215
263 262
269 184
271 266
277 226
281 24
283 78
293 15
307 60
311 109
313 227
317 296
331 77
337 196
347 110
349 315
353 20
359 246
367 283
373 322
379 336
383 88
389 270
397 323
401 51
409 401
419 78
421 224
431 407
433 124
439 360
