# CRT sieve file generated by gapminer gen_crt
n_primes 70
merit 33.00
shift 475
gap_target 16721
n_candidates 1254
2 1
3 2
5 4
7 2
11 4
13 10
17 4
19 12
23 10
29 19
31 21
37 26
41 1
43 36
47 3
53 23
59 12
61 13
67 2
71 34
73 1
79 53
83 16
89 80
97 56
101 92
103 19
107 99
109 42
113 53
127 90
131 72
137 75
139 84
149 40
151 71
157 31
163 15
167 129
173 157
179 30
181 111
191 3
193 102
197 115
199 25
211 118
223 60
227 127
229 49
233 126
239 137
241 63
251 195
257 242
263 38
269 103
271 37
277 116
281 269
283 207
293 190
307 77
311 272
313 216
317 104
331 43
337 218
347 305
349 255
