# CRT sieve file generated by gapminer gen_crt
n_primes 67
merit 35.00
shift 450
gap_target 17128
n_candidates 1558
2 1
3 1
5 1
7 3
11 4
13 3
17 11
19 6
23 21
29 17
31 16
37 27
41 1
43 8
47 16
53 35
59 38
61 30
67 58
71 58
73 60
79 72
83 10
89 54
97 81
101 6
103 7
107 1
109 12
113 99
127 52
131 81
137 14
139 1
149 105
151 143
157 53
163 12
167 21
173 79
179 26
181 79
191 64
193 54
197 20
199 160
211 31
223 193
227 126
229 205
233 222
239 206
241 64
251 32
257 237
263 215
269 15
271 221
277 67
281 179
283 269
293 283
307 121
311 208
313 308
317 197
331 114
