# CRT sieve file generated by gapminer gen_crt
n_primes 106
merit 23.00
shift 793
gap_target 16724
n_candidates 1091
2 1
3 2
5 3
7 3
11 9
13 4
17 13
19 6
23 11
29 9
31 16
37 23
41 2
43 20
47 3
53 52
59 38
61 6
67 23
71 33
73 24
79 54
83 27
89 5
97 22
101 22
103 96
107 73
109 52
113 103
127 68
131 40
137 6
139 55
149 4
151 34
157 87
163 156
167 133
173 114
179 6
181 176
191 71
193 147
197 86
199 5
211 176
223 160
227 64
229 226
233 173
239 170
241 218
251 177
257 252
263 233
269 128
271 123
277 138
281 210
283 44
293 84
307 192
311 214
313 247
317 39
331 72
337 164
347 16
349 134
353 152
359 210
367 6
373 87
379 154
383 378
389 141
397 73
401 13
409 77
419 134
421 154
431 275
433 167
439 281
443 294
449 438
457 376
461 38
463 398
467 104
479 308
487 314
491 312
499 456
503 184
509 484
521 30
523 239
541 222
547 142
557 436
563 70
569 188
571 546
577 292
