# CRT sieve file generated by gapminer gen_crt
n_primes 67
merit 35.00
shift 450
gap_target 17128
n_candidates 1324
2 1
3 1
5 2
7 2
11 7
13 5
17 2
19 18
23 9
29 7
31 13
37 30
41 13
43 9
47 27
53 6
59 1
61 4
67 66
71 35
73 4
79 62
83 29
89 10
97 83
101 22
103 52
107 29
109 81
113 96
127 20
131 2
137 5
139 14
149 119
151 1
157 118
163 108
167 59
173 87
179 139
181 41
191 124
193 32
197 45
199 154
211 48
223 213
227 57
229 208
233 56
239 67
241 234
251 125
257 172
263 231
269 33
271 238
277 46
281 199
283 137
293 120
307 7
311 202
313 146
317 144
331 304
