# CRT sieve file generated by gapminer gen_crt
n_primes 69
merit 29.00
shift 467
gap_target 14534
n_candidates 1074
2 1
3 1
5 3
7 2
11 1
13 11
17 5
19 4
23 8
29 11
31 24
37 5
41 8
43 33
47 26
53 48
59 2
61 54
67 38
71 57
73 45
79 57
83 22
89 59
97 40
101 10
103 1
107 102
109 107
113 16
127 78
131 33
137 49
139 106
149 4
151 79
157 14
163 124
167 155
173 130
179 117
181 55
191 127
193 69
197 150
199 94
211 180
223 91
227 218
229 170
233 74
239 169
241 123
251 144
257 12
263 143
269 17
271 246
277 126
281 46
283 6
293 99
307 140
311 68
313 32
317 277
331 39
337 274
347 114
