# CRT sieve file generated by gapminer gen_crt
n_primes 87
merit 23.00
shift 622
gap_target 13998
n_candidates 977
2 1
3 1
5 4
7 1
11 2
13 12
17 1
19 12
23 10
29 14
31 25
37 13
41 7
43 12
47 15
53 45
59 12
61 24
67 41
71 48
73 13
79 23
83 30
89 33
97 6
101 35
103 40
107 21
109 43
113 106
127 114
131 27
137 83
139 76
149 8
151 61
157 136
163 127
167 62
173 60
179 11
181 107
191 43
193 20
197 11
199 56
211 165
223 18
227 3
229 228
233 26
239 73
241 66
251 65
257 245
263 129
269 49
271 92
277 103
281 140
283 109
293 258
307 292
311 107
313 42
317 283
331 150
337 263
347 189
349 186
353 272
359 340
367 281
373 282
379 96
383 290
389 341
397 79
401 375
409 251
419 132
421 360
431 20
433 133
439 256
443 396
449 242
