# CRT sieve file generated by gapminer gen_crt
n_primes 74
merit 31.00
shift 507
gap_target 16396
n_candidates 1185
2 1
3 2
5 2
7 6
11 9
13 12
17 2
19 1
23 16
29 23
31 9
37 3
41 32
43 14
47 4
53 47
59 12
61 5
67 37
71 57
73 18
79 52
83 3
89 49
97 1
101 25
103 49
107 14
109 60
113 63
127 72
131 46
137 37
139 42
149 127
151 5
157 110
163 88
167 31
173 47
179 87
181 166
191 48
193 145
197 154
199 62
211 143
223 73
227 136
229 56
233 129
239 134
241 58
251 180
257 221
263 11
269 70
271 2
277 75
281 224
283 160
293 133
307 6
311 197
313 139
317 23
331 279
337 117
347 194
349 142
353 38
359 241
367 41
373 264
