# CRT sieve file generated by gapminer gen_crt
n_primes 130
merit 23.00
shift 1017
gap_target 20295
n_candidates 1252
2 1
3 1
5 2
7 6
11 9
13 9
17 13
19 9
23 8
29 16
31 11
37 1
41 10
43 37
47 3
53 39
59 42
61 40
67 66
71 18
73 11
79 7
83 53
89 13
97 62
101 80
103 77
107 90
109 58
113 78
127 64
131 130
137 26
139 38
149 145
151 61
157 7
163 62
167 43
173 70
179 141
181 153
191 40
193 91
197 83
199 38
211 194
223 1
227 60
229 12
233 219
239 100
241 176
251 62
257 241
263 119
269 97
271 132
277 4
281 111
283 206
293 207
307 20
311 1
313 236
317 179
331 37
337 244
347 139
349 324
353 135
359 76
367 168
373 254
379 77
383 179
389 198
397 194
401 110
409 19
419 59
421 138
431 117
433 128
439 378
443 250
449 428
457 226
461 245
463 381
467 430
479 226
487 449
491 474
499 341
503 362
509 286
521 393
523 455
541 347
547 260
557 31
563 112
569 553
571 5
577 466
587 45
593 407
599 448
601 222
607 487
613 297
617 44
619 142
631 383
641 190
643 264
647 231
653 491
659 500
661 511
673 664
677 36
683 311
691 158
701 673
709 690
719 591
727 390
733 275
