# CRT sieve file generated by gapminer gen_crt
n_primes 127
merit 23.00
shift 989
gap_target 19849
n_candidates 1220
2 1
3 2
5 1
7 4
11 9
13 6
17 12
19 4
23 4
29 20
31 5
37 36
41 21
43 11
47 31
53 47
59 27
61 7
67 23
71 56
73 26
79 39
83 8
89 58
97 69
101 79
103 46
107 21
109 83
113 30
127 67
131 100
137 93
139 119
149 95
151 129
157 53
163 98
167 30
173 113
179 36
181 87
191 22
193 85
197 70
199 188
211 25
223 89
227 28
229 56
233 14
239 24
241 178
251 51
257 136
263 9
269 224
271 37
277 132
281 64
283 165
293 241
307 297
311 288
313 112
317 95
331 82
337 303
347 68
349 110
353 114
359 284
367 111
373 207
379 202
383 144
389 348
397 274
401 33
409 122
419 8
421 228
431 239
433 248
439 371
443 32
449 357
457 9
461 180
463 364
467 382
479 214
487 368
491 211
499 468
503 242
509 62
521 279
523 304
541 338
547 30
557 481
563 324
569 268
571 297
577 563
587 378
593 13
599 95
601 308
607 132
613 78
617 602
619 583
631 72
641 135
643 48
647 150
653 97
659 34
661 124
673 572
677 180
683 31
691 588
701 19
709 598
