# CRT sieve file generated by gapminer gen_crt
n_primes 74
merit 22.00
shift 512
gap_target 11712
n_candidates 846
2 1
3 2
5 4
7 1
11 6
13 8
17 1
19 10
23 5
29 18
31 1
37 35
41 7
43 11
47 6
53 49
59 11
61 5
67 31
71 38
73 41
79 4
83 30
89 52
97 56
101 40
103 33
107 84
109 97
113 6
127 75
131 103
137 84
139 1
149 22
151 46
157 105
163 119
167 37
173 111
179 41
181 126
191 183
193 118
197 1
199 71
211 186
223 26
227 12
229 148
233 34
239 13
241 145
251 56
257 16
263 219
269 132
271 212
277 62
281 280
283 129
293 74
307 40
311 165
313 219
317 315
331 75
337 295
347 288
349 200
353 259
359 52
367 340
373 305
