# CRT sieve file generated by gapminer gen_crt
n_primes 75
merit 23.00
shift 518
gap_target 12340
n_candidates 901
2 1
3 2
5 3
7 4
11 3
13 4
17 12
19 7
23 21
29 2
31 19
37 15
41 14
43 6
47 37
53 34
59 24
61 54
67 33
71 31
73 55
79 8
83 54
89 58
97 35
101 5
103 48
107 72
109 7
113 37
127 25
131 55
137 33
139 40
149 8
151 29
157 45
163 37
167 29
173 103
179 92
181 89
191 181
193 14
197 4
199 116
211 22
223 42
227 165
229 85
233 74
239 162
241 120
251 92
257 252
263 224
269 13
271 148
277 257
281 262
283 209
293 27
307 244
311 108
313 42
317 210
331 138
337 205
347 99
349 46
353 240
359 115
367 226
373 370
379 340
