# CRT sieve file generated by gapminer gen_crt
n_primes 74
merit 28.00
shift 509
gap_target 14848
n_candidates 1075
2 1
3 1
5 2
7 5
11 8
13 2
17 5
19 14
23 16
29 17
31 14
37 21
41 13
43 13
47 29
53 21
59 4
61 48
67 8
71 11
73 64
79 58
83 11
89 30
97 84
101 46
103 33
107 19
109 18
113 28
127 62
131 9
137 13
139 66
149 93
151 15
157 95
163 36
167 59
173 22
179 176
181 112
191 174
193 114
197 191
199 133
211 207
223 106
227 2
229 179
233 79
239 168
241 120
251 131
257 250
263 118
269 255
271 213
277 87
281 3
283 244
293 44
307 71
311 196
313 270
317 198
331 277
337 181
347 5
349 320
353 186
359 160
367 32
373 309
