# CRT sieve file generated by gapminer gen_crt
n_primes 98
merit 23.00
shift 720
gap_target 15560
n_candidates 1028
2 1
3 1
5 4
7 5
11 8
13 6
17 7
19 2
23 12
29 4
31 15
37 31
41 15
43 19
47 2
53 6
59 5
61 26
67 35
71 9
73 24
79 23
83 54
89 50
97 26
101 23
103 20
107 91
109 76
113 47
127 66
131 115
137 17
139 76
149 9
151 125
157 11
163 118
167 37
173 51
179 123
181 44
191 17
193 113
197 80
199 173
211 200
223 65
227 72
229 138
233 14
239 186
241 135
251 218
257 132
263 227
269 252
271 267
277 202
281 235
283 21
293 174
307 119
311 55
313 220
317 287
331 34
337 273
347 339
349 103
353 210
359 308
367 109
373 346
379 46
383 143
389 146
397 223
401 39
409 116
419 365
421 29
431 357
433 397
439 424
443 343
449 75
457 267
461 42
463 292
467 69
479 212
487 363
491 475
499 392
503 254
509 54
521 61
