# CRT sieve file generated by gapminer gen_crt
n_primes 70
merit 28.00
shift 475
gap_target 14188
n_candidates 1036
2 1
3 2
5 3
7 6
11 8
13 8
17 15
19 15
23 15
29 20
31 4
37 7
41 23
43 5
47 18
53 24
59 10
61 2
67 7
71 60
73 71
79 18
83 57
89 57
97 72
101 71
103 28
107 61
109 32
113 99
127 78
131 108
137 46
139 77
149 143
151 45
157 65
163 109
167 96
173 5
179 105
181 23
191 186
193 110
197 155
199 81
211 59
223 85
227 180
229 116
233 221
239 35
241 214
251 165
257 248
263 80
269 181
271 127
277 242
281 138
283 86
293 119
307 76
311 291
313 245
317 153
331 162
337 30
347 157
349 115
