# CRT sieve file generated by gapminer gen_crt
n_primes 128
merit 31.00
shift 998
gap_target 26946
n_candidates 1599
2 1
3 1
5 4
7 1
11 8
13 11
17 3
19 4
23 12
29 26
31 25
37 15
41 38
43 4
47 10
53 38
59 37
61 22
67 11
71 12
73 9
79 41
83 45
89 82
97 78
101 47
103 98
107 22
109 105
113 81
127 122
131 107
137 61
139 10
149 113
151 90
157 45
163 36
167 50
173 101
179 9
181 44
191 88
193 145
197 74
199 141
211 205
223 142
227 137
229 23
233 28
239 170
241 62
251 24
257 226
263 189
269 164
271 68
277 57
281 150
283 58
293 184
307 182
311 14
313 243
317 79
331 167
337 270
347 237
349 163
353 15
359 152
367 231
373 21
379 190
383 54
389 239
397 372
401 244
409 397
419 87
421 25
431 146
433 86
439 345
443 229
449 55
457 280
461 168
463 112
467 125
479 143
487 414
491 310
499 102
503 501
509 351
521 51
523 1
541 92
547 495
557 265
563 127
569 558
571 514
577 382
587 162
593 30
599 497
601 455
607 329
613 203
617 119
619 77
631 456
641 256
643 216
647 136
653 16
659 555
661 517
673 289
677 213
683 99
691 638
701 458
709 314
719 134
