# CRT sieve file generated by gapminer gen_crt
n_primes 69
merit 31.00
shift 467
gap_target 15536
n_candidates 1156
2 1
3 1
5 2
7 6
11 1
13 12
17 10
19 3
23 3
29 12
31 29
37 18
41 24
43 7
47 34
53 38
59 46
61 10
67 65
71 70
73 57
79 11
83 6
89 29
97 61
101 24
103 66
107 67
109 22
113 57
127 51
131 53
137 86
139 105
149 111
151 1
157 142
163 156
167 123
173 2
179 72
181 161
191 93
193 7
197 32
199 147
211 77
223 55
227 134
229 62
233 151
239 180
241 112
251 23
257 82
263 153
269 236
271 176
277 273
281 157
283 99
293 102
307 17
311 220
313 168
317 64
331 31
337 218
347 325
