# CRT sieve file generated by gapminer gen_crt
n_primes 126
merit 39.00
shift 979
gap_target 33386
n_candidates 2097
2 1
3 1
5 2
7 4
11 3
13 9
17 7
19 2
23 7
29 1
31 11
37 17
41 7
43 42
47 11
53 32
59 49
61 56
67 25
71 63
73 51
79 1
83 19
89 18
97 33
101 80
103 73
107 95
109 15
113 105
127 36
131 56
137 9
139 53
149 95
151 32
157 24
163 64
167 6
173 122
179 107
181 110
191 185
193 19
197 81
199 118
211 2
223 205
227 148
229 8
233 194
239 25
241 132
251 225
257 104
263 258
269 167
271 49
277 249
281 21
283 190
293 216
307 74
311 177
313 75
317 188
331 150
337 199
347 76
349 333
353 153
359 242
367 257
373 372
379 120
383 335
389 89
397 158
401 399
409 87
419 116
421 40
431 91
433 17
439 234
443 90
449 323
457 43
461 364
463 296
467 160
479 231
487 454
491 326
499 70
503 445
509 259
521 408
523 348
541 349
547 175
557 442
563 274
569 106
571 451
577 459
587 189
593 27
599 464
601 412
607 256
613 100
617 613
619 563
631 389
641 13
643 606
647 510
653 366
659 222
661 174
673 559
677 467
683 329
691 145
701 616
