# CRT sieve file generated by gapminer gen_crt
n_primes 130
merit 30.00
shift 1017
gap_target 26472
n_candidates 1563
2 1
3 2
5 3
7 1
11 3
13 7
17 8
19 12
23 16
29 26
31 24
37 35
41 10
43 38
47 4
53 25
59 29
61 59
67 6
71 50
73 35
79 31
83 11
89 12
97 57
101 6
103 47
107 58
109 24
113 93
127 78
131 47
137 114
139 57
149 130
151 101
157 38
163 11
167 13
173 46
179 115
181 146
191 170
193 30
197 144
199 8
211 36
223 160
227 147
229 29
233 26
239 156
241 44
251 237
257 176
263 127
269 90
271 261
277 244
281 52
283 239
293 62
307 32
311 167
313 81
317 226
331 300
337 60
347 7
349 278
353 126
359 257
367 328
373 112
379 275
383 135
389 314
397 42
401 307
409 43
419 132
421 68
431 179
433 117
439 370
443 250
449 70
457 287
461 171
463 113
467 464
479 128
487 391
491 283
499 67
503 462
509 336
521 515
523 465
541 15
547 412
557 172
563 28
569 453
571 407
577 269
587 39
593 494
599 362
601 318
607 305
613 54
617 583
619 541
631 434
641 79
643 37
647 600
653 480
659 360
661 320
673 80
677 98
683 251
691 411
701 221
709 178
719 598
727 707
733 346
