# CRT sieve file generated by gapminer gen_crt
n_primes 83
merit 23.00
shift 587
gap_target 13440
n_candidates 954
2 1
3 1
5 4
7 4
11 5
13 3
17 16
19 13
23 18
29 6
31 30
37 28
41 10
43 34
47 13
53 2
59 39
61 35
67 26
71 9
73 66
79 40
83 61
89 1
97 34
101 26
103 38
107 72
109 3
113 106
127 35
131 36
137 122
139 130
149 29
151 132
157 53
163 67
167 45
173 48
179 122
181 29
191 84
193 125
197 109
199 165
211 102
223 13
227 14
229 8
233 50
239 118
241 63
251 99
257 20
263 109
269 44
271 182
277 154
281 240
283 184
293 74
307 86
311 254
313 209
317 236
331 42
337 119
347 219
349 163
353 321
359 339
367 282
373 207
379 334
383 340
389 370
397 108
401 185
409 193
419 359
421 131
431 159
