# CRT sieve file generated by gapminer gen_crt
n_primes 128
merit 29.00
shift 998
gap_target 25207
n_candidates 1499
2 1
3 2
5 3
7 3
11 5
13 9
17 2
19 15
23 4
29 22
31 23
37 30
41 2
43 10
47 30
53 3
59 18
61 34
67 6
71 26
73 72
79 38
83 81
89 58
97 71
101 4
103 37
107 32
109 99
113 43
127 99
131 56
137 105
139 42
149 85
151 50
157 126
163 87
167 81
173 102
179 159
181 5
191 190
193 46
197 152
199 12
211 16
223 116
227 95
229 202
233 195
239 80
241 205
251 137
257 64
263 3
269 223
271 121
277 92
281 173
283 75
293 171
307 127
311 258
313 170
317 78
331 40
337 125
347 62
349 331
353 175
359 300
367 363
373 141
379 298
383 154
389 327
397 47
401 308
409 36
419 115
421 79
431 150
433 86
439 333
443 209
449 23
457 232
461 163
463 52
467 399
479 375
487 258
491 194
499 469
503 96
509 199
521 396
523 179
541 417
547 267
557 17
563 430
569 286
571 238
577 126
587 441
593 303
599 165
601 600
607 588
613 504
617 368
619 556
631 132
641 446
643 183
647 313
653 229
659 103
661 61
673 482
677 102
683 558
691 298
701 692
709 471
719 281
