# CRT sieve file generated by gapminer gen_crt
n_primes 70
merit 28.00
shift 475
gap_target 14188
n_candidates 1029
2 1
3 1
5 4
7 6
11 4
13 3
17 16
19 1
23 4
29 12
31 20
37 21
41 36
43 36
47 38
53 39
59 8
61 12
67 53
71 59
73 7
79 57
83 33
89 57
97 7
101 18
103 84
107 26
109 3
113 82
127 103
131 14
137 101
139 138
149 85
151 142
157 23
163 79
167 74
173 168
179 107
181 29
191 21
193 140
197 193
199 123
211 125
223 175
227 51
229 218
233 98
239 157
241 109
251 60
257 149
263 250
269 94
271 42
277 163
281 63
283 13
293 56
307 27
311 246
313 202
317 114
331 137
337 11
347 148
349 108
