# CRT sieve file generated by gapminer gen_crt
n_primes 69
merit 23.00
shift 467
gap_target 11527
n_candidates 869
2 1
3 1
5 2
7 4
11 8
13 1
17 11
19 18
23 7
29 4
31 2
37 30
41 38
43 11
47 7
53 7
59 2
61 20
67 60
71 13
73 58
79 32
83 18
89 2
97 49
101 28
103 101
107 67
109 72
113 32
127 1
131 80
137 101
139 114
149 135
151 83
157 91
163 86
167 156
173 124
179 112
181 71
191 119
193 162
197 26
199 81
211 178
223 199
227 103
229 192
233 65
239 10
241 209
251 216
257 207
263 224
269 23
271 221
277 263
281 150
283 274
293 272
307 47
311 83
313 249
317 48
331 232
337 109
347 314
