# CRT sieve file generated by gapminer gen_crt
n_primes 79
merit 23.00
shift 552
gap_target 12882
n_candidates 926
2 1
3 1
5 3
7 6
11 4
13 11
17 9
19 10
23 8
29 26
31 27
37 3
41 7
43 2
47 17
53 50
59 15
61 57
67 52
71 25
73 56
79 26
83 10
89 12
97 52
101 61
103 101
107 3
109 4
113 35
127 23
131 123
137 112
139 69
149 135
151 1
157 68
163 58
167 132
173 146
179 118
181 122
191 188
193 186
197 11
199 144
211 32
223 11
227 2
229 30
233 7
239 32
241 239
251 207
257 159
263 183
269 46
271 101
277 235
281 9
283 14
293 276
307 157
311 36
313 109
317 295
331 323
337 236
347 79
349 301
353 164
359 238
367 284
373 44
379 342
383 170
389 116
397 184
401 300
