# CRT sieve file generated by gapminer gen_crt
n_primes 118
merit 23.00
shift 904
gap_target 18494
n_candidates 1174
2 1
3 1
5 2
7 4
11 2
13 9
17 12
19 16
23 4
29 6
31 20
37 29
41 24
43 14
47 17
53 29
59 7
61 44
67 45
71 62
73 24
79 26
83 57
89 62
97 96
101 86
103 15
107 27
109 22
113 93
127 98
131 127
137 64
139 94
149 29
151 12
157 128
163 1
167 54
173 140
179 122
181 93
191 84
193 92
197 100
199 162
211 27
223 200
227 153
229 187
233 3
239 129
241 69
251 29
257 211
263 36
269 170
271 3
277 109
281 105
283 35
293 230
307 260
311 28
313 283
317 248
331 285
337 295
347 287
349 115
353 117
359 97
367 330
373 4
379 82
383 327
389 307
397 138
401 118
409 352
419 381
421 229
431 385
433 254
439 30
443 197
449 270
457 375
461 64
463 439
467 51
479 392
487 379
491 153
499 227
503 425
509 191
521 259
523 191
541 508
547 414
557 376
563 450
569 135
571 103
577 403
587 332
593 332
599 288
601 482
607 371
613 198
617 28
619 7
631 570
641 614
643 257
647 631
