# CRT sieve file generated by gapminer gen_crt
n_primes 74
merit 23.00
shift 509
gap_target 12196
n_candidates 900
2 1
3 1
5 4
7 1
11 3
13 8
17 15
19 13
23 12
29 6
31 1
37 5
41 6
43 30
47 12
53 18
59 11
61 55
67 23
71 53
73 36
79 16
83 2
89 61
97 1
101 51
103 17
107 71
109 83
113 90
127 5
131 9
137 121
139 16
149 111
151 121
157 79
163 20
167 15
173 3
179 140
181 62
191 86
193 164
197 80
199 76
211 102
223 21
227 125
229 60
233 49
239 175
241 80
251 108
257 74
263 230
269 15
271 85
277 121
281 54
283 102
293 242
307 149
311 248
313 149
317 105
331 304
337 334
347 271
349 222
353 183
359 99
367 44
373 73
