# CRT sieve file generated by gapminer gen_crt
n_primes 96
merit 23.00
shift 702
gap_target 15273
n_candidates 1032
2 1
3 2
5 2
7 6
11 3
13 9
17 16
19 18
23 18
29 21
31 13
37 31
41 20
43 3
47 2
53 14
59 5
61 12
67 26
71 22
73 4
79 78
83 77
89 41
97 73
101 96
103 45
107 37
109 99
113 14
127 4
131 46
137 70
139 129
149 33
151 114
157 49
163 95
167 148
173 75
179 148
181 177
191 23
193 90
197 11
199 137
211 139
223 41
227 93
229 40
233 228
239 79
241 133
251 149
257 164
263 165
269 72
271 86
277 250
281 238
283 30
293 45
307 266
311 276
313 85
317 286
331 297
337 117
347 85
349 294
353 67
359 160
367 29
373 327
379 46
383 330
389 19
397 265
401 288
409 242
419 31
421 176
431 103
433 331
439 338
443 271
449 218
457 33
461 299
463 332
467 60
479 44
487 484
491 56
499 66
503 430
