# CRT sieve file generated by gapminer gen_crt
n_primes 109
merit 23.00
shift 821
gap_target 17170
n_candidates 1120
2 1
3 1
5 4
7 5
11 8
13 8
17 16
19 4
23 21
29 9
31 4
37 6
41 15
43 4
47 19
53 31
59 35
61 41
67 1
71 37
73 20
79 32
83 9
89 83
97 27
101 67
103 69
107 38
109 103
113 43
127 17
131 89
137 22
139 138
149 1
151 36
157 143
163 7
167 31
173 62
179 62
181 48
191 149
193 40
197 2
199 146
211 120
223 96
227 21
229 119
233 59
239 157
241 178
251 66
257 92
263 21
269 116
271 30
277 15
281 42
283 276
293 43
307 191
311 299
313 110
317 196
331 273
337 335
347 163
349 122
353 46
359 154
367 204
373 173
379 143
383 260
389 193
397 1
401 290
409 141
419 223
421 237
431 384
433 78
439 48
443 385
449 210
457 5
461 8
463 232
467 392
479 82
487 154
491 181
499 52
503 22
509 25
521 88
523 214
541 230
547 132
557 538
563 552
569 38
571 55
577 326
587 261
593 45
599 261
