# CRT sieve file generated by gapminer gen_crt
n_primes 67
merit 25.00
shift 450
gap_target 12235
n_candidates 1130
2 1
3 1
5 4
7 4
11 8
13 2
17 14
19 3
23 15
29 17
31 23
37 20
41 35
43 5
47 10
53 6
59 41
61 53
67 42
71 24
73 62
79 33
83 49
89 48
97 34
101 69
103 5
107 24
109 72
113 1
127 98
131 4
137 12
139 15
149 2
151 8
157 48
163 117
167 145
173 100
179 156
181 23
191 141
193 45
197 40
199 149
211 49
223 222
227 64
229 209
233 45
239 48
241 211
251 102
257 141
263 34
269 4
271 205
277 266
281 138
283 62
293 83
307 286
311 153
313 95
317 298
331 263
