# CRT sieve file generated by gapminer gen_crt
n_primes 70
merit 31.00
shift 475
gap_target 15708
n_candidates 1172
2 1
3 2
5 4
7 6
11 6
13 2
17 15
19 17
23 22
29 7
31 8
37 17
41 1
43 10
47 42
53 12
59 21
61 3
67 45
71 11
73 12
79 8
83 31
89 7
97 87
101 74
103 25
107 46
109 11
113 66
127 3
131 21
137 78
139 105
149 2
151 49
157 57
163 89
167 68
173 138
179 53
181 148
191 110
193 30
197 67
199 188
211 154
223 168
227 32
229 193
233 61
239 102
241 38
251 220
257 40
263 123
269 218
271 162
277 271
281 163
283 109
293 132
307 75
311 286
313 238
317 142
331 137
337 336
347 116
349 72
