# CRT sieve file generated by gapminer gen_crt
n_primes 90
merit 23.00
shift 649
gap_target 14428
n_candidates 924
2 1
3 1
5 1
7 1
11 7
13 8
17 9
19 6
23 5
29 28
31 1
37 36
41 34
43 32
47 6
53 11
59 54
61 57
67 4
71 39
73 35
79 71
83 52
89 24
97 29
101 11
103 8
107 14
109 23
113 53
127 30
131 124
137 21
139 82
149 113
151 79
157 26
163 148
167 20
173 1
179 173
181 115
191 16
193 153
197 45
199 190
211 89
223 12
227 143
229 97
233 5
239 106
241 62
251 93
257 224
263 104
269 253
271 215
277 101
281 25
283 270
293 90
307 145
311 77
313 43
317 292
331 68
337 309
347 159
349 129
353 69
359 107
367 226
373 142
379 58
383 2
389 114
397 203
401 151
409 47
419 336
421 312
431 192
433 168
439 96
443 48
449 425
457 337
461 32
463 271
