# CRT sieve file generated by gapminer gen_crt
n_primes 68
merit 29.00
shift 458
gap_target 14353
n_candidates 1070
2 1
3 2
5 2
7 5
11 8
13 8
17 16
19 9
23 1
29 15
31 24
37 30
41 29
43 9
47 41
53 4
59 5
61 55
67 33
71 48
73 34
79 40
83 1
89 32
97 5
101 72
103 63
107 57
109 60
113 78
127 13
131 95
137 111
139 29
149 66
151 141
157 76
163 23
167 50
173 19
179 20
181 117
191 189
193 131
197 15
199 156
211 31
223 153
227 53
229 3
233 136
239 231
241 185
251 206
257 74
263 205
269 79
271 258
277 188
281 108
283 68
293 161
307 202
311 130
313 94
317 22
331 101
337 336
