# CRT sieve file generated by gapminer gen_crt
n_primes 74
merit 30.00
shift 509
gap_target 15908
n_candidates 1147
2 1
3 2
5 4
7 4
11 9
13 8
17 16
19 1
23 8
29 28
31 10
37 18
41 16
43 38
47 14
53 6
59 2
61 23
67 5
71 2
73 58
79 6
83 80
89 14
97 38
101 98
103 37
107 34
109 96
113 18
127 125
131 127
137 23
139 40
149 36
151 75
157 59
163 67
167 30
173 76
179 146
181 54
191 167
193 81
197 106
199 22
211 151
223 129
227 208
229 136
233 225
239 15
241 186
251 97
257 156
263 227
269 41
271 250
277 70
281 231
283 173
293 176
307 91
311 294
313 242
317 138
331 105
337 292
347 52
349 4
353 261
359 123
367 306
373 174
