# CRT sieve file generated by gapminer gen_crt
n_primes 119
merit 23.00
shift 914
gap_target 18653
n_candidates 1179
2 1
3 1
5 3
7 6
11 8
13 6
17 12
19 12
23 16
29 7
31 2
37 24
41 34
43 22
47 9
53 18
59 35
61 50
67 63
71 14
73 58
79 31
83 32
89 76
97 42
101 5
103 39
107 70
109 10
113 45
127 66
131 117
137 51
139 134
149 16
151 41
157 96
163 60
167 93
173 153
179 55
181 3
191 3
193 97
197 193
199 43
211 28
223 204
227 84
229 189
233 228
239 5
241 47
251 149
257 211
263 53
269 13
271 176
277 209
281 141
283 281
293 230
307 36
311 167
313 305
317 116
331 34
337 208
347 157
349 122
353 327
359 146
367 149
373 309
379 76
383 261
389 306
397 222
401 50
409 5
419 187
421 13
431 404
433 94
439 144
443 424
449 77
457 235
461 96
463 180
467 133
479 361
487 271
491 81
499 478
503 464
509 485
521 90
523 137
541 540
547 270
557 433
563 44
569 117
571 174
577 467
587 170
593 492
599 534
601 492
607 380
613 456
617 128
619 184
631 3
641 630
643 444
647 273
653 113
