# CRT sieve file generated by gapminer gen_crt
n_primes 74
merit 27.00
shift 509
gap_target 14317
n_candidates 1012
2 1
3 1
5 4
7 3
11 1
13 5
17 16
19 13
23 17
29 26
31 11
37 30
41 16
43 20
47 30
53 43
59 24
61 32
67 18
71 28
73 51
79 34
83 14
89 44
97 2
101 17
103 85
107 31
109 10
113 93
127 1
131 43
137 136
139 36
149 132
151 40
157 78
163 140
167 139
173 66
179 5
181 108
191 110
193 38
197 91
199 21
211 23
223 73
227 176
229 116
233 229
239 55
241 238
251 209
257 47
263 148
269 261
271 211
277 61
281 242
283 157
293 247
307 232
311 144
313 100
317 12
331 35
337 246
347 46
349 6
353 279
359 165
367 13
373 272
