# CRT sieve file generated by gapminer gen_crt
n_primes 121
merit 23.00
shift 932
gap_target 18940
n_candidates 1116
2 1
3 1
5 2
7 4
11 3
13 5
17 5
19 6
23 4
29 17
31 21
37 6
41 8
43 1
47 25
53 43
59 54
61 27
67 66
71 50
73 66
79 52
83 54
89 58
97 51
101 51
103 63
107 4
109 38
113 17
127 69
131 23
137 121
139 118
149 14
151 33
157 114
163 68
167 162
173 160
179 3
181 110
191 107
193 5
197 58
199 97
211 142
223 36
227 87
229 1
233 62
239 49
241 208
251 59
257 82
263 117
269 164
271 92
277 153
281 13
283 226
293 179
307 24
311 97
313 145
317 21
331 249
337 75
347 132
349 76
353 71
359 155
367 306
373 150
379 284
383 343
389 48
397 320
401 224
409 32
419 325
421 97
431 366
433 84
439 409
443 102
449 419
457 31
461 428
463 381
467 375
479 334
487 108
491 28
499 446
503 268
509 324
521 514
523 365
541 125
547 2
557 547
563 470
569 367
571 294
577 279
587 456
593 360
599 264
601 539
607 536
613 605
617 550
619 573
631 22
641 41
643 126
647 423
653 507
659 93
661 594
