# CRT sieve file generated by gapminer gen_crt
n_primes 107
merit 23.00
shift 802
gap_target 16868
n_candidates 1103
2 1
3 1
5 2
7 1
11 9
13 10
17 12
19 17
23 2
29 5
31 4
37 6
41 1
43 27
47 22
53 52
59 40
61 55
67 23
71 41
73 34
79 4
83 23
89 64
97 58
101 64
103 98
107 27
109 59
113 22
127 99
131 25
137 5
139 5
149 45
151 31
157 43
163 28
167 36
173 49
179 100
181 127
191 124
193 119
197 38
199 124
211 145
223 135
227 104
229 1
233 228
239 142
241 119
251 89
257 98
263 172
269 146
271 96
277 239
281 256
283 203
293 44
307 259
311 274
313 223
317 220
331 170
337 97
347 335
349 261
353 244
359 21
367 312
373 329
379 349
383 140
389 340
397 24
401 9
409 46
419 175
421 352
431 237
433 86
439 260
443 378
449 84
457 30
461 450
463 244
467 36
479 280
487 347
491 281
499 300
503 405
509 56
521 390
523 444
541 343
547 248
557 164
563 449
569 257
571 59
577 202
587 405
