# CRT sieve file generated by gapminer gen_crt
n_primes 70
merit 29.00
shift 475
gap_target 14695
n_candidates 1070
2 1
3 2
5 3
7 5
11 10
13 10
17 6
19 15
23 20
29 1
31 23
37 29
41 27
43 37
47 12
53 37
59 30
61 42
67 40
71 58
73 12
79 1
83 68
89 21
97 84
101 6
103 76
107 26
109 7
113 94
127 16
131 62
137 24
139 63
149 20
151 79
157 123
163 28
167 27
173 127
179 72
181 177
191 189
193 119
197 176
199 108
211 122
223 184
227 64
229 4
233 117
239 182
241 126
251 97
257 192
263 36
269 149
271 99
277 226
281 130
283 82
293 135
307 120
311 32
313 301
317 217
331 254
337 134
347 281
349 243
