# CRT sieve file generated by gapminer gen_crt
n_primes 74
merit 33.00
shift 507
gap_target 17453
n_candidates 1279
2 1
3 1
5 1
7 3
11 3
13 11
17 7
19 14
23 17
29 27
31 5
37 27
41 35
43 13
47 18
53 12
59 45
61 35
67 34
71 12
73 19
79 33
83 68
89 62
97 69
101 64
103 19
107 48
109 17
113 80
127 45
131 71
137 3
139 32
149 88
151 139
157 2
163 40
167 23
173 99
179 20
181 117
191 89
193 11
197 52
199 175
211 153
223 179
227 47
229 210
233 82
239 129
241 67
251 8
257 85
263 174
269 6
271 221
277 59
281 232
283 180
293 213
307 170
311 74
313 26
317 162
331 256
337 124
347 251
349 209
353 125
359 358
367 23
373 78
