# CRT sieve file generated by gapminer gen_crt
n_primes 69
merit 33.00
shift 467
gap_target 16538
n_candidates 1247
2 1
3 2
5 4
7 1
11 3
13 10
17 11
19 10
23 1
29 28
31 5
37 22
41 5
43 1
47 19
53 51
59 52
61 57
67 58
71 27
73 69
79 54
83 21
89 2
97 75
101 14
103 44
107 21
109 73
113 88
127 12
131 125
137 134
139 6
149 111
151 144
157 110
163 100
167 51
173 79
179 131
181 33
191 116
193 24
197 37
199 146
211 40
223 205
227 49
229 200
233 48
239 59
241 226
251 117
257 164
263 223
269 25
271 230
277 38
281 191
283 129
293 112
307 306
311 194
313 138
317 26
331 296
337 140
347 227
