# CRT sieve file generated by gapminer gen_crt
n_primes 70
merit 32.00
shift 475
gap_target 16215
n_candidates 1212
2 1
3 2
5 4
7 1
11 3
13 10
17 14
19 9
23 14
29 3
31 29
37 32
41 6
43 16
47 15
53 30
59 2
61 15
67 40
71 25
73 2
79 5
83 67
89 72
97 80
101 31
103 67
107 56
109 5
113 28
127 107
131 101
137 122
139 137
149 123
151 9
157 138
163 140
167 99
173 139
179 24
181 109
191 21
193 124
197 145
199 59
211 176
223 142
227 217
229 143
233 228
239 12
241 181
251 82
257 135
263 200
269 8
271 215
277 29
281 186
283 126
293 119
307 20
311 109
313 165
317 57
331 10
337 191
347 288
349 240
