# CRT sieve file generated by gapminer gen_crt
n_primes 111
merit 23.00
shift 839
gap_target 17457
n_candidates 1119
2 1
3 2
5 2
7 2
11 5
13 3
17 2
19 12
23 3
29 12
31 28
37 34
41 20
43 20
47 21
53 3
59 56
61 18
67 16
71 16
73 48
79 22
83 81
89 38
97 56
101 31
103 78
107 83
109 30
113 51
127 51
131 35
137 122
139 117
149 40
151 103
157 136
163 125
167 12
173 142
179 52
181 80
191 181
193 89
197 44
199 22
211 54
223 112
227 67
229 84
233 228
239 186
241 127
251 66
257 70
263 256
269 184
271 145
277 85
281 23
283 189
293 20
307 65
311 113
313 45
317 280
331 82
337 141
347 203
349 221
353 335
359 243
367 137
373 156
379 286
383 270
389 38
397 362
401 238
409 76
419 89
421 306
431 188
433 9
439 115
443 427
449 426
457 389
461 121
463 108
467 298
479 409
487 23
491 237
499 324
503 16
509 31
521 316
523 474
541 477
547 10
557 144
563 483
569 349
571 208
577 564
587 227
593 4
599 337
601 249
607 196
