# CRT sieve file generated by gapminer gen_crt
n_primes 129
merit 23.00
shift 1008
gap_target 20152
n_candidates 1243
2 1
3 2
5 3
7 5
11 10
13 2
17 16
19 12
23 20
29 5
31 25
37 20
41 3
43 39
47 4
53 32
59 16
61 47
67 10
71 21
73 49
79 37
83 46
89 51
97 71
101 64
103 26
107 52
109 92
113 85
127 5
131 109
137 58
139 103
149 100
151 42
157 134
163 3
167 27
173 2
179 129
181 173
191 10
193 30
197 163
199 169
211 137
223 164
227 179
229 223
233 44
239 113
241 101
251 235
257 252
263 114
269 216
271 7
277 128
281 163
283 74
293 38
307 190
311 276
313 269
317 247
331 262
337 259
347 119
349 1
353 209
359 263
367 60
373 241
379 197
383 161
389 106
397 395
401 319
409 25
419 106
421 300
431 72
433 301
439 389
443 6
449 279
457 220
461 269
463 367
467 202
479 40
487 24
491 421
499 188
503 306
509 61
521 418
523 449
541 462
547 69
557 15
563 181
569 534
571 501
577 566
587 249
593 158
599 396
601 422
607 543
613 20
617 587
619 593
631 614
641 636
643 73
647 55
653 536
659 8
661 125
673 252
677 205
683 505
691 296
701 404
709 387
719 279
727 260
