# CRT sieve file generated by gapminer gen_crt
n_primes 68
merit 33.00
shift 458
gap_target 16332
n_candidates 1236
2 1
3 2
5 1
7 2
11 9
13 5
17 5
19 12
23 17
29 4
31 29
37 5
41 23
43 12
47 4
53 20
59 40
61 8
67 8
71 17
73 6
79 45
83 48
89 83
97 34
101 1
103 45
107 50
109 7
113 46
127 54
131 60
137 99
139 120
149 136
151 28
157 18
163 32
167 166
173 51
179 127
181 37
191 160
193 76
197 105
199 23
211 164
223 154
227 10
229 167
233 27
239 56
241 229
251 150
257 215
263 29
269 112
271 52
277 149
281 33
283 258
293 271
307 200
311 96
313 44
317 257
331 238
337 94
