# CRT sieve file generated by gapminer gen_crt
n_primes 68
merit 23.00
shift 458
gap_target 11383
n_candidates 856
2 1
3 2
5 1
7 4
11 6
13 4
17 1
19 7
23 7
29 7
31 22
37 10
41 16
43 26
47 1
53 38
59 4
61 57
67 55
71 5
73 23
79 12
83 57
89 5
97 87
101 69
103 22
107 58
109 82
113 54
127 34
131 119
137 123
139 119
149 31
151 51
157 114
163 37
167 47
173 25
179 61
181 68
191 42
193 129
197 85
199 143
211 15
223 112
227 187
229 191
233 32
239 192
241 11
251 180
257 161
263 132
269 214
271 111
277 100
281 170
283 50
293 6
307 111
311 108
313 94
317 31
331 279
337 334
