# CRT sieve file generated by gapminer gen_crt
n_primes 124
merit 23.00
shift 961
gap_target 19402
n_candidates 1204
2 1
3 2
5 1
7 4
11 7
13 4
17 11
19 13
23 8
29 2
31 9
37 4
41 33
43 3
47 29
53 43
59 16
61 22
67 43
71 3
73 58
79 21
83 60
89 41
97 30
101 52
103 76
107 90
109 8
113 99
127 48
131 98
137 120
139 13
149 10
151 94
157 49
163 63
167 18
173 15
179 32
181 116
191 64
193 76
197 116
199 47
211 194
223 135
227 53
229 33
233 220
239 17
241 158
251 221
257 246
263 142
269 246
271 242
277 128
281 72
283 266
293 217
307 238
311 307
313 112
317 142
331 300
337 250
347 103
349 254
353 168
359 208
367 312
373 339
379 190
383 138
389 4
397 178
401 85
409 167
419 144
421 399
431 368
433 407
439 425
443 141
449 30
457 4
461 457
463 328
467 13
479 154
487 243
491 97
499 124
503 276
509 388
521 165
523 502
541 349
547 53
557 535
563 235
569 532
571 252
577 106
587 352
593 528
599 34
601 594
607 65
613 155
617 71
619 42
631 180
641 429
643 4
647 455
653 26
659 411
661 80
673 63
677 325
683 360
