# CRT sieve file generated by gapminer gen_crt
n_primes 110
merit 23.00
shift 830
gap_target 17314
n_candidates 1122
2 1
3 1
5 2
7 2
11 2
13 11
17 1
19 3
23 9
29 6
31 13
37 28
41 6
43 37
47 8
53 29
59 51
61 43
67 26
71 55
73 67
79 11
83 27
89 5
97 65
101 84
103 56
107 87
109 95
113 88
127 36
131 23
137 52
139 50
149 68
151 121
157 88
163 86
167 146
173 120
179 56
181 119
191 186
193 180
197 146
199 191
211 147
223 153
227 185
229 74
233 174
239 238
241 11
251 109
257 134
263 156
269 113
271 30
277 72
281 54
283 31
293 2
307 149
311 246
313 81
317 166
331 107
337 319
347 41
349 182
353 83
359 240
367 253
373 85
379 83
383 124
389 68
397 227
401 236
409 271
419 86
421 325
431 72
433 6
439 260
443 2
449 291
457 153
461 193
463 202
467 254
479 322
487 318
491 396
499 457
503 417
509 86
521 364
523 72
541 116
547 536
557 266
563 328
569 25
571 500
577 420
587 356
593 64
599 444
601 399
