# CRT sieve file generated by gapminer gen_crt
n_primes 75
merit 30.00
shift 518
gap_target 16095
n_candidates 1157
2 1
3 1
5 4
7 3
11 3
13 2
17 15
19 18
23 19
29 6
31 1
37 9
41 6
43 15
47 24
53 31
59 19
61 2
67 4
71 4
73 28
79 38
83 56
89 84
97 12
101 24
103 42
107 102
109 35
113 26
127 120
131 86
137 65
139 66
149 131
151 5
157 98
163 64
167 166
173 3
179 31
181 106
191 159
193 61
197 62
199 165
211 23
223 152
227 211
229 129
233 198
239 197
241 119
251 231
257 9
263 50
269 103
271 33
277 100
281 245
283 179
293 142
307 1
311 188
313 128
317 8
331 250
337 82
347 149
349 95
353 340
359 184
367 343
373 193
379 43
