# CRT sieve file generated by gapminer gen_crt
n_primes 120
merit 23.00
shift 923
gap_target 18797
n_candidates 1177
2 1
3 2
5 4
7 1
11 2
13 8
17 9
19 5
23 19
29 15
31 21
37 32
41 32
43 14
47 19
53 23
59 40
61 13
67 34
71 27
73 66
79 46
83 13
89 64
97 7
101 48
103 75
107 58
109 9
113 1
127 91
131 8
137 88
139 34
149 99
151 128
157 87
163 86
167 109
173 82
179 86
181 33
191 38
193 10
197 177
199 45
211 55
223 219
227 12
229 212
233 49
239 138
241 183
251 30
257 11
263 259
269 220
271 81
277 248
281 152
283 193
293 132
307 201
311 225
313 24
317 64
331 94
337 257
347 26
349 159
353 343
359 317
367 249
373 331
379 133
383 154
389 330
397 146
401 258
409 322
419 150
421 392
431 314
433 386
439 72
443 16
449 409
457 143
461 142
463 441
467 27
479 126
487 71
491 38
499 17
503 201
509 113
521 501
523 228
541 146
547 210
557 97
563 256
569 173
571 172
577 208
587 451
593 413
599 292
601 205
607 60
613 574
617 113
619 41
631 173
641 559
643 507
647 592
653 6
659 607
