# CRT sieve file generated by gapminer gen_crt
n_primes 74
merit 30.00
shift 511
gap_target 15950
n_candidates 1153
2 1
3 1
5 4
7 1
11 6
13 7
17 11
19 3
23 10
29 26
31 6
37 34
41 5
43 26
47 35
53 35
59 15
61 5
67 4
71 53
73 62
79 3
83 38
89 32
97 39
101 34
103 92
107 18
109 96
113 50
127 15
131 41
137 110
139 2
149 58
151 109
157 129
163 10
167 160
173 69
179 169
181 87
191 59
193 174
197 22
199 145
211 123
223 149
227 17
229 180
233 52
239 99
241 37
251 229
257 55
263 144
269 245
271 191
277 29
281 202
283 150
293 183
307 140
311 44
313 309
317 217
331 226
337 94
347 221
349 179
353 95
359 328
367 168
373 48
