# CRT sieve file generated by gapminer gen_crt
n_primes 74
merit 33.00
shift 509
gap_target 17499
n_candidates 1292
2 1
3 2
5 4
7 4
11 8
13 1
17 3
19 12
23 20
29 10
31 28
37 33
41 9
43 14
47 38
53 49
59 52
61 32
67 1
71 30
73 29
79 19
83 38
89 8
97 80
101 63
103 12
107 29
109 101
113 43
127 93
131 111
137 31
139 56
149 92
151 139
157 147
163 16
167 158
173 55
179 143
181 57
191 9
193 120
197 157
199 79
211 33
223 35
227 122
229 54
233 151
239 192
241 128
251 59
257 130
263 213
269 39
271 252
277 84
281 253
283 199
293 222
307 165
311 65
313 15
317 232
331 227
337 89
347 206
349 162
353 74
359 301
367 133
373 7
