# CRT sieve file generated by gapminer gen_crt
n_primes 74
merit 30.00
shift 512
gap_target 15971
n_candidates 1218
2 1
3 2
5 3
7 4
11 9
13 10
17 6
19 8
23 4
29 25
31 23
37 31
41 31
43 6
47 7
53 24
59 6
61 10
67 55
71 25
73 54
79 11
83 59
89 44
97 70
101 79
103 46
107 62
109 3
113 20
127 110
131 5
137 31
139 110
149 86
151 94
157 134
163 128
167 73
173 149
179 3
181 48
191 173
193 148
197 38
199 93
211 178
223 48
227 30
229 94
233 27
239 161
241 208
251 84
257 43
263 208
269 157
271 172
277 168
281 243
283 232
293 235
307 243
311 304
313 226
317 287
331 200
337 16
347 12
349 19
353 87
359 136
367 242
373 331
