# CRT sieve file generated by gapminer gen_crt
n_primes 76
merit 23.00
shift 526
gap_target 12467
n_candidates 907
2 1
3 1
5 2
7 4
11 8
13 8
17 10
19 1
23 8
29 3
31 16
37 22
41 37
43 7
47 3
53 26
59 6
61 7
67 54
71 13
73 69
79 39
83 46
89 3
97 92
101 38
103 52
107 67
109 6
113 43
127 105
131 81
137 11
139 114
149 105
151 80
157 55
163 41
167 22
173 3
179 160
181 161
191 137
193 160
197 141
199 55
211 126
223 173
227 225
229 46
233 186
239 147
241 136
251 137
257 14
263 33
269 119
271 108
277 218
281 67
283 62
293 59
307 101
311 129
313 39
317 85
331 146
337 79
347 104
349 118
353 298
359 175
367 120
373 340
379 79
383 327
