# CRT sieve file generated by gapminer gen_crt
n_primes 128
merit 40.00
shift 998
gap_target 34769
n_candidates 2191
2 1
3 2
5 1
7 3
11 6
13 2
17 5
19 12
23 5
29 24
31 6
37 35
41 17
43 29
47 35
53 31
59 48
61 10
67 2
71 65
73 38
79 46
83 74
89 29
97 55
101 75
103 6
107 11
109 89
113 67
127 114
131 38
137 121
139 121
149 92
151 138
157 10
163 93
167 126
173 134
179 11
181 159
191 64
193 57
197 55
199 60
211 174
223 209
227 96
229 157
233 58
239 44
241 125
251 88
257 146
263 228
269 65
271 194
277 51
281 56
283 203
293 119
307 130
311 193
313 71
317 144
331 297
337 292
347 79
349 318
353 102
359 137
367 80
373 141
379 214
383 14
389 103
397 108
401 317
409 350
419 309
421 219
431 200
433 112
439 287
443 115
449 306
457 427
461 263
463 181
467 17
479 4
487 171
491 15
499 202
503 50
509 331
521 408
523 336
541 229
547 19
557 226
563 22
569 387
571 321
577 123
587 380
593 188
599 595
601 533
607 347
613 161
617 37
619 594
631 234
641 575
643 517
647 401
653 329
659 53
661 656
673 320
677 208
683 40
691 348
701 237
709 21
719 470
