# CRT sieve file generated by gapminer gen_crt
n_primes 123
merit 23.00
shift 951
gap_target 19243
n_candidates 1205
2 1
3 2
5 1
7 5
11 9
13 3
17 7
19 9
23 22
29 1
31 6
37 21
41 22
43 15
47 28
53 31
59 13
61 42
67 47
71 69
73 10
79 21
83 6
89 74
97 40
101 60
103 50
107 30
109 2
113 37
127 54
131 96
137 77
139 114
149 91
151 135
157 147
163 15
167 36
173 64
179 129
181 164
191 14
193 82
197 98
199 190
211 66
223 160
227 36
229 155
233 205
239 151
241 167
251 12
257 31
263 98
269 154
271 122
277 275
281 111
283 235
293 206
307 34
311 184
313 223
317 208
331 262
337 216
347 162
349 313
353 340
359 66
367 338
373 119
379 237
383 101
389 216
397 70
401 229
409 232
419 337
421 67
431 98
433 85
439 319
443 322
449 52
457 16
461 260
463 64
467 403
479 236
487 314
491 2
499 130
503 274
509 391
521 47
523 400
541 57
547 354
557 300
563 318
569 85
571 180
577 148
587 520
593 168
599 390
601 480
607 360
613 279
617 183
619 604
631 569
641 102
643 248
647 638
653 361
659 412
661 175
673 141
677 342
