# CRT sieve file generated by gapminer gen_crt
n_primes 91
merit 23.00
shift 657
gap_target 14556
n_candidates 998
2 1
3 2
5 4
7 1
11 7
13 8
17 5
19 18
23 12
29 18
31 6
37 5
41 5
43 27
47 4
53 29
59 47
61 28
67 1
71 7
73 66
79 27
83 70
89 84
97 30
101 44
103 50
107 86
109 34
113 56
127 33
131 127
137 116
139 39
149 20
151 126
157 63
163 94
167 11
173 107
179 95
181 77
191 44
193 86
197 196
199 180
211 201
223 72
227 145
229 123
233 94
239 235
241 167
251 173
257 108
263 205
269 7
271 186
277 52
281 260
283 17
293 91
307 168
311 185
313 155
317 153
331 309
337 198
347 35
349 230
353 79
359 211
367 261
373 28
379 40
383 217
389 317
397 287
401 388
409 52
419 283
421 166
431 356
433 376
439 140
443 18
449 319
457 142
461 383
463 453
467 170
