# CRT sieve file generated by gapminer gen_crt
n_primes 75
merit 27.00
shift 518
gap_target 14486
n_candidates 1023
2 1
3 2
5 1
7 3
11 9
13 11
17 2
19 6
23 15
29 6
31 1
37 24
41 12
43 23
47 12
53 35
59 50
61 34
67 15
71 52
73 55
79 57
83 1
89 66
97 57
101 44
103 98
107 16
109 90
113 36
127 100
131 122
137 48
139 75
149 121
151 19
157 27
163 59
167 38
173 108
179 23
181 118
191 80
193 42
197 37
199 158
211 124
223 138
227 2
229 163
233 31
239 72
241 8
251 190
257 10
263 93
269 188
271 132
277 241
281 133
283 79
293 102
307 45
311 256
313 208
317 112
331 107
337 306
347 86
349 42
353 307
359 181
367 13
373 260
379 140
