# CRT sieve file generated by gapminer gen_crt
n_primes 68
merit 28.00
shift 458
gap_target 13858
n_candidates 1019
2 1
3 1
5 2
7 3
11 9
13 6
17 1
19 16
23 10
29 3
31 29
37 10
41 12
43 24
47 3
53 34
59 33
61 47
67 51
71 2
73 29
79 24
83 12
89 54
97 28
101 51
103 20
107 77
109 60
113 38
127 87
131 6
137 105
139 7
149 113
151 23
157 67
163 135
167 138
173 71
179 16
181 121
191 133
193 63
197 120
199 52
211 66
223 128
227 8
229 177
233 61
239 126
241 70
251 41
257 136
263 243
269 93
271 43
277 170
281 74
283 26
293 79
307 64
311 287
313 245
317 161
331 198
337 78
