# CRT sieve file generated by gapminer gen_crt
n_primes 89
merit 23.00
shift 640
gap_target 14285
n_candidates 992
2 1
3 2
5 1
7 1
11 2
13 2
17 1
19 15
23 11
29 28
31 28
37 20
41 1
43 29
47 34
53 1
59 56
61 45
67 21
71 19
73 14
79 78
83 69
89 38
97 64
101 96
103 15
107 23
109 58
113 4
127 6
131 22
137 57
139 112
149 97
151 81
157 68
163 107
167 73
173 83
179 100
181 118
191 77
193 2
197 145
199 182
211 128
223 44
227 133
229 75
233 232
239 56
241 212
251 208
257 193
263 24
269 84
271 180
277 202
281 63
283 149
293 55
307 293
311 101
313 8
317 126
331 168
337 86
347 151
349 196
353 159
359 45
367 252
373 162
379 166
383 172
389 246
397 265
401 319
409 102
419 5
421 310
431 296
433 378
439 172
443 324
449 112
457 11
461 111
