# CRT sieve file generated by gapminer gen_crt
n_primes 68
merit 32.00
shift 458
gap_target 15838
n_candidates 1191
2 1
3 1
5 1
7 2
11 6
13 3
17 1
19 11
23 13
29 28
31 1
37 6
41 22
43 16
47 30
53 3
59 51
61 54
67 49
71 14
73 54
79 33
83 79
89 60
97 36
101 72
103 102
107 79
109 22
113 33
127 70
131 52
137 55
139 64
149 20
151 51
157 11
163 158
167 109
173 137
179 10
181 91
191 174
193 82
197 95
199 5
211 98
223 40
227 107
229 29
233 106
239 117
241 43
251 175
257 222
263 18
269 83
271 17
277 197
281 249
283 187
293 170
307 57
311 252
313 196
317 84
331 51
337 198
