# CRT sieve file generated by gapminer gen_crt
n_primes 75
merit 30.00
shift 512
gap_target 15971
n_candidates 1143
2 1
3 2
5 1
7 5
11 1
13 6
17 8
19 5
23 11
29 26
31 29
37 2
41 39
43 13
47 10
53 45
59 13
61 60
67 53
71 27
73 32
79 40
83 71
89 59
97 58
101 49
103 2
107 27
109 103
113 53
127 4
131 26
137 89
139 118
149 25
151 74
157 88
163 126
167 109
173 12
179 106
181 22
191 175
193 97
197 138
199 62
211 28
223 42
227 133
229 67
233 168
239 215
241 153
251 94
257 171
263 260
269 92
271 36
277 145
281 37
283 266
293 6
307 256
311 160
313 112
317 16
331 11
337 210
347 337
349 295
353 211
359 85
367 284
373 164
379 44
