# CRT sieve file generated by gapminer gen_crt
n_primes 98
merit 45.00
shift 720
gap_target 30444
n_candidates 2133
2 1
3 1
5 2
7 2
11 8
13 2
17 4
19 14
23 8
29 4
31 13
37 7
41 32
43 5
47 37
53 28
59 2
61 22
67 6
71 34
73 11
79 62
83 30
89 13
97 34
101 72
103 6
107 5
109 74
113 22
127 92
131 53
137 108
139 47
149 100
151 67
157 149
163 116
167 114
173 141
179 25
181 52
191 56
193 105
197 18
199 77
211 93
223 205
227 188
229 68
233 61
239 185
241 71
251 3
257 187
263 132
269 89
271 258
277 235
281 39
283 224
293 37
307 300
311 124
313 36
317 177
331 237
337 328
347 275
349 197
353 41
359 166
367 229
373 7
379 164
383 20
389 193
397 310
401 174
409 311
419 400
421 336
431 16
433 385
439 199
443 75
449 338
457 98
461 439
463 381
467 265
479 396
487 172
491 60
499 335
503 227
509 65
521 262
