# CRT sieve file generated by cover_max
n_primes 98
merit 23.00
shift 720
gap_target 15560
n_candidates 952
2 1
3 2
5 2
7 1
11 3
13 12
17 8
19 3
23 4
29 10
31 2
37 29
41 20
43 8
47 33
53 4
59 2
61 59
67 15
71 5
73 18
79 50
83 14
89 20
97 43
101 46
103 5
107 42
109 15
113 86
127 79
131 113
137 57
139 90
149 17
151 70
157 96
163 146
167 137
173 52
179 158
181 78
191 60
193 177
197 29
199 154
211 144
223 182
227 54
229 219
233 95
239 148
241 88
251 39
257 122
263 217
269 55
271 1
277 116
281 12
283 243
293 286
307 257
311 165
313 119
317 27
331 36
337 241
347 31
349 338
353 258
359 138
367 345
373 231
379 117
383 41
389 316
397 172
401 100
409 365
419 195
421 161
431 422
433 390
439 392
443 158
449 124
457 6
461 403
463 373
467 313
479 287
487 13
491 444
499 332
503 11
509 40
521 24
