# CRT sieve file generated by gapminer gen_crt
n_primes 102
merit 23.00
shift 756
gap_target 16134
n_candidates 1069
2 1
3 1
5 4
7 1
11 3
13 6
17 12
19 15
23 9
29 6
31 8
37 4
41 27
43 16
47 9
53 51
59 3
61 28
67 32
71 39
73 60
79 50
83 10
89 36
97 20
101 3
103 30
107 21
109 85
113 16
127 81
131 26
137 71
139 31
149 22
151 66
157 13
163 116
167 132
173 172
179 48
181 142
191 52
193 102
197 24
199 108
211 83
223 166
227 91
229 72
233 43
239 233
241 218
251 184
257 44
263 178
269 164
271 126
277 16
281 55
283 6
293 197
307 228
311 262
313 145
317 100
331 175
337 313
347 88
349 108
353 306
359 290
367 10
373 191
379 15
383 217
389 42
397 113
401 79
409 45
419 38
421 389
431 248
433 390
439 78
443 334
449 83
457 234
461 448
463 52
467 18
479 424
487 36
491 255
499 43
503 87
509 461
521 216
523 402
541 247
547 37
557 305
