# CRT sieve file generated by gapminer gen_crt
n_primes 74
merit 30.00
shift 509
gap_target 15908
n_candidates 1145
2 1
3 2
5 4
7 2
11 1
13 11
17 6
19 15
23 3
29 25
31 8
37 6
41 38
43 40
47 23
53 14
59 21
61 28
67 35
71 8
73 52
79 43
83 14
89 1
97 82
101 25
103 57
107 38
109 92
113 111
127 49
131 35
137 44
139 55
149 21
151 54
157 20
163 10
167 128
173 162
179 41
181 124
191 26
193 127
197 144
199 56
211 161
223 115
227 186
229 110
233 191
239 208
241 136
251 27
257 74
263 133
269 204
271 140
277 225
281 101
283 39
293 22
307 216
311 104
313 48
317 253
331 206
337 50
347 137
349 87
353 340
359 196
367 4
373 233
