# CRT sieve file generated by cover_max
n_primes 74
merit 28.00
shift 507
gap_target 14809
n_candidates 1053
2 1
3 1
5 1
7 6
11 8
13 5
17 9
19 11
23 18
29 9
31 20
37 28
41 26
43 5
47 24
53 16
59 12
61 33
67 15
71 12
73 68
79 16
83 7
89 24
97 48
101 7
103 47
107 44
109 106
113 28
127 8
131 6
137 33
139 50
149 46
151 85
157 69
163 77
167 40
173 86
179 156
181 64
191 177
193 91
197 116
199 32
211 161
223 139
227 218
229 146
233 2
239 25
241 206
251 107
257 166
263 237
269 51
271 260
277 80
281 241
283 183
293 186
307 101
311 304
313 252
317 148
331 115
337 302
347 312
349 14
353 271
359 325
367 316
373 184
