# CRT sieve file generated by gapminer gen_crt
n_primes 67
merit 23.00
shift 450
gap_target 11256
n_candidates 803
2 1
3 2
5 2
7 5
11 3
13 11
17 5
19 9
23 13
29 18
31 1
37 3
41 40
43 2
47 45
53 13
59 31
61 8
67 11
71 2
73 49
79 25
83 49
89 56
97 94
101 48
103 31
107 9
109 4
113 6
127 12
131 82
137 80
139 131
149 148
151 68
157 142
163 77
167 96
173 53
179 22
181 135
191 187
193 125
197 1
199 138
211 200
223 87
227 206
229 154
233 50
239 133
241 83
251 84
257 197
263 59
269 190
271 146
277 14
281 207
283 165
293 248
307 275
311 199
313 161
317 85
331 150
