# CRT sieve file generated by gapminer gen_crt
n_primes 122
merit 23.00
shift 942
gap_target 19099
n_candidates 1194
2 1
3 1
5 2
7 3
11 2
13 9
17 4
19 1
23 9
29 19
31 4
37 27
41 40
43 6
47 17
53 9
59 30
61 41
67 38
71 11
73 44
79 31
83 7
89 59
97 35
101 66
103 85
107 64
109 58
113 22
127 16
131 54
137 134
139 114
149 84
151 1
157 77
163 8
167 68
173 56
179 121
181 48
191 151
193 124
197 170
199 120
211 5
223 159
227 77
229 161
233 170
239 222
241 6
251 45
257 239
263 230
269 39
271 192
277 229
281 177
283 38
293 12
307 285
311 19
313 234
317 25
331 30
337 178
347 182
349 325
353 166
359 146
367 145
373 135
379 179
383 200
389 102
397 284
401 194
409 235
419 271
421 370
431 130
433 162
439 391
443 57
449 26
457 198
461 58
463 444
467 258
479 407
487 399
491 49
499 260
503 158
509 459
521 479
523 228
541 93
547 407
557 36
563 147
569 356
571 552
577 232
587 158
593 436
599 194
601 504
607 572
613 498
617 92
619 246
631 18
641 256
643 536
647 237
653 615
659 461
661 538
673 241
