# CRT sieve file generated by gapminer gen_crt
n_primes 78
merit 23.00
shift 543
gap_target 12738
n_candidates 918
2 1
3 1
5 1
7 3
11 2
13 5
17 10
19 7
23 7
29 3
31 24
37 19
41 21
43 31
47 38
53 47
59 6
61 12
67 21
71 17
73 60
79 54
83 56
89 3
97 64
101 1
103 61
107 59
109 89
113 104
127 56
131 100
137 68
139 79
149 12
151 129
157 50
163 139
167 120
173 151
179 82
181 8
191 89
193 24
197 38
199 138
211 4
223 42
227 129
229 72
233 1
239 235
241 239
251 34
257 193
263 38
269 202
271 194
277 18
281 84
283 187
293 148
307 188
311 240
313 122
317 308
331 297
337 323
347 147
349 345
353 330
359 233
367 220
373 14
379 166
383 338
389 79
397 356
