# CRT sieve file generated by cover_max
n_primes 98
merit 30.00
shift 720
gap_target 20296
n_candidates 1325
2 1
3 2
5 1
7 1
11 4
13 9
17 12
19 18
23 2
29 9
31 29
37 32
41 2
43 3
47 44
53 7
59 47
61 28
67 5
71 69
73 64
79 11
83 7
89 32
97 12
101 74
103 20
107 43
109 15
113 96
127 123
131 104
137 52
139 138
149 92
151 67
157 16
163 1
167 11
173 56
179 137
181 172
191 25
193 80
197 5
199 70
211 122
223 47
227 38
229 151
233 156
239 59
241 190
251 152
257 97
263 54
269 23
271 196
277 185
281 278
283 186
293 19
307 3
311 142
313 58
317 207
331 295
337 61
347 18
349 291
353 143
359 280
367 359
373 149
379 318
383 182
389 367
397 103
401 372
409 116
419 215
421 377
431 274
433 214
439 34
443 357
449 183
457 408
461 20
463 240
467 128
479 271
487 125
491 438
499 230
503 126
509 479
521 179
