# CRT sieve file generated by gapminer gen_crt
n_primes 126
merit 23.00
shift 979
gap_target 19689
n_candidates 1226
2 1
3 2
5 3
7 5
11 9
13 5
17 15
19 10
23 10
29 26
31 9
37 26
41 34
43 3
47 3
53 11
59 6
61 13
67 4
71 20
73 30
79 37
83 43
89 19
97 33
101 63
103 41
107 14
109 15
113 53
127 12
131 41
137 4
139 133
149 54
151 78
157 58
163 84
167 89
173 141
179 113
181 119
191 150
193 114
197 186
199 4
211 13
223 108
227 182
229 214
233 210
239 83
241 16
251 190
257 71
263 253
269 74
271 146
277 112
281 65
283 38
293 200
307 5
311 18
313 276
317 38
331 90
337 147
347 192
349 58
353 199
359 87
367 362
373 123
379 319
383 374
389 28
397 65
401 118
409 225
419 19
421 329
431 409
433 67
439 154
443 72
449 188
457 130
461 433
463 421
467 47
479 120
487 297
491 373
499 136
503 258
509 111
521 383
523 434
541 525
547 451
557 389
563 559
569 253
571 430
577 116
587 287
593 401
599 363
601 339
607 414
613 423
617 385
619 308
631 534
641 76
643 36
647 310
653 449
659 622
661 242
673 657
677 643
683 354
691 591
701 613
