# CRT sieve file generated by gapminer gen_crt
n_primes 67
merit 30.00
shift 450
gap_target 14681
n_candidates 1108
2 1
3 1
5 3
7 4
11 4
13 4
17 3
19 8
23 4
29 28
31 10
37 33
41 22
43 3
47 2
53 10
59 33
61 55
67 16
71 50
73 12
79 25
83 25
89 85
97 83
101 17
103 93
107 55
109 42
113 28
127 105
131 32
137 6
139 49
149 26
151 89
157 145
163 62
167 69
173 8
179 138
181 66
191 88
193 20
197 81
199 15
211 41
223 115
227 226
229 170
233 58
239 129
241 75
251 56
257 157
263 7
269 126
271 78
277 211
281 119
283 73
293 136
307 135
311 161
313 9
317 242
331 293
