# CRT sieve file generated by gapminer gen_crt
n_primes 103
merit 23.00
shift 766
gap_target 16294
n_candidates 1079
2 1
3 1
5 2
7 5
11 4
13 3
17 5
19 4
23 6
29 26
31 4
37 19
41 14
43 1
47 28
53 6
59 1
61 2
67 47
71 8
73 7
79 65
83 4
89 30
97 79
101 26
103 14
107 86
109 33
113 82
127 54
131 91
137 129
139 104
149 86
151 108
157 33
163 137
167 97
173 102
179 112
181 1
191 29
193 63
197 90
199 126
211 71
223 44
227 62
229 130
233 147
239 115
241 27
251 217
257 116
263 25
269 95
271 157
277 205
281 76
283 235
293 51
307 130
311 270
313 220
317 74
331 259
337 326
347 297
349 192
353 133
359 235
367 188
373 337
379 239
383 311
389 338
397 320
401 31
409 154
419 236
421 198
431 243
433 431
439 330
443 179
449 221
457 190
461 88
463 13
467 194
479 206
487 284
491 53
499 487
503 297
509 394
521 36
523 480
541 520
547 59
557 18
563 325
