# CRT sieve file generated by gapminer gen_crt
n_primes 207
merit 30.00
shift 1784
gap_target 42421
n_candidates 2198
2 1
3 2
5 4
7 1
11 8
13 12
17 9
19 4
23 3
29 28
31 27
37 9
41 22
43 25
47 1
53 28
59 5
61 50
67 47
71 12
73 3
79 65
83 46
89 49
97 42
101 90
103 35
107 68
109 51
113 53
127 57
131 1
137 114
139 124
149 145
151 50
157 103
163 53
167 102
173 134
179 35
181 10
191 136
193 137
197 151
199 164
211 115
223 186
227 85
229 152
233 65
239 69
241 156
251 149
257 225
263 62
269 180
271 44
277 190
281 207
283 77
293 13
307 52
311 123
313 5
317 86
331 267
337 274
347 81
349 324
353 116
359 163
367 122
373 195
379 280
383 88
389 189
397 210
401 26
409 67
419 36
421 369
431 370
433 286
439 34
443 309
449 63
457 192
461 32
463 415
467 259
479 270
487 453
491 305
499 9
503 364
509 148
521 237
523 167
541 78
547 421
557 91
563 456
569 264
571 63
577 8
587 275
593 89
599 502
601 442
607 478
613 82
617 579
619 603
631 173
641 524
643 468
647 356
653 188
659 20
661 625
673 301
677 193
683 31
691 506
701 246
709 38
719 371
727 297
733 299
739 736
743 640
751 448
757 304
761 208
769 16
773 693
787 371
797 141
809 674
811 630
821 410
823 802
827 278
829 234
839 14
853 559
857 475
859 433
863 349
877 55
881 852
883 393
887 732
907 332
911 252
919 92
929 880
937 669
941 593
947 479
953 487
967 99
971 23
977 886
983 778
991 634
997 526
1009 310
1013 164
1019 130
1021 94
1031 945
1033 1024
1039 109
1049 639
1051 605
1061 1045
1063 481
1069 658
1087 281
1091 917
1093 984
1097 591
1103 783
1109 6
1117 600
1123 888
1129 918
1151 56
1153 24
1163 307
1171 278
1181 757
1187 688
1193 577
1201 1197
1213 815
1217 336
1223 150
1229 901
1231 7
1237 1154
1249 746
1259 1140
1277 704
1279 1006
